# Equation of state of the SU(3) Yang–Mills theory: A precise determination from a moving frame
# Giusti and Pepe, Physics Letters B 769 (2017) 385–390
#T/Tc   s/T^{3} err 
0.66    0   0.04    4E-05   0.00015 0.001   0.0028
0.904   0.108   0.023   0.006   0.004   0.104   0.027
0.98    0.31    0.11    0.018   0.005   0.28    0.11
1.061   3.22    0.15    0.149   0.01    3.07    0.14
1.1 3.6 0.03    0.243   0.011   3.361   0.024
1.15    4   0.04    0.359   0.01    3.64    0.03
1.2 4.28    0.03    0.465   0.01    3.811   0.025
1.278   4.554   0.026   0.607   0.009   3.947   0.018
1.4 4.907   0.027   0.785   0.008   4.122   0.019
1.5 5.098   0.026   0.898   0.008   4.201   0.019
1.6 5.252   0.027   0.988   0.008   4.264   0.02
1.7 5.368   0.026   1.061   0.007   4.307   0.019
1.807   5.481   0.027   1.125   0.007   4.355   0.02
1.9 5.57    0.027   1.172   0.007   4.398   0.02
2   5.65    0.028   1.215   0.007   4.435   0.021
2.3 5.8 0.04    1.309   0.008   4.49    0.03
2.556   5.903   0.024   1.362   0.008   4.541   0.017
2.711   5.969   0.025   1.388   0.007   4.581   0.017
2.891   6.017   0.025   1.413   0.007   4.604   0.018
3.072   6.065   0.025   1.434   0.007   4.631   0.018
3.253   6.108   0.024   1.452   0.007   4.656   0.018
3.433   6.141   0.025   1.467   0.007   4.674   0.018
3.614   6.178   0.025   1.481   0.007   4.697   0.018
5.111   6.35    0.025   1.549   0.006   4.801   0.019
7.228   6.462   0.026   1.592   0.006   4.871   0.019
10.22   6.54    0.026   1.619   0.006   4.921   0.02
14.46   6.595   0.026   1.638   0.007   4.957   0.02
20.44   6.63    0.027   1.65    0.007   4.98    0.02
28.91   6.67    0.027   1.66    0.007   5.01    0.02
40.89   6.715   0.027   1.671   0.007   5.045   0.02
57.82   6.738   0.027   1.68    0.007   5.058   0.02
81.78   6.745   0.027   1.684   0.007   5.061   0.02
115.6   6.764   0.027   1.688   0.007   5.076   0.02
163.6   6.778   0.027   1.692   0.007   5.086   0.02
231.3   6.788   0.027   1.695   0.007   5.093   0.02
