#HISQ entropy density, nf=3; s/T^3
#T(MeV) I dI P dP E dE S dS CV dCV cs dcs
1.350e+02 1.1270e+00 1.2078e-01 1.8859e-01 5.4286e-02 1.6928e+00 2.0276e-01 1.8814e+00 2.4848e-01 1.6880e+01 5.4183e+00 1.3013e-01 1.5993e-01
1.400e+02 1.2832e+00 1.0474e-01 2.3287e-01 5.4415e-02 1.9818e+00 1.9924e-01 2.2146e+00 2.4722e-01 1.4434e+01 2.6189e+00 1.5830e-01 1.2095e-01
1.450e+02 1.3805e+00 1.0171e-01 2.7949e-01 5.4684e-02 2.2190e+00 2.0003e-01 2.4985e+00 2.4872e-01 1.6835e+01 2.3508e+00 1.5095e-01 1.2221e-01
1.500e+02 1.5995e+00 7.4194e-02 3.2946e-01 5.4959e-02 2.5879e+00 1.8692e-01 2.9174e+00 2.3840e-01 2.4253e+01 2.3733e+00 1.2154e-01 1.3949e-01
1.550e+02 1.9403e+00 6.2948e-02 3.8733e-01 5.5087e-02 3.1023e+00 1.7809e-01 3.4896e+00 2.3044e-01 2.9181e+01 1.9156e+00 1.2001e-01 1.3944e-01
1.600e+02 2.2968e+00 6.0198e-02 4.5453e-01 5.5109e-02 3.6604e+00 1.7647e-01 4.1149e+00 2.2905e-01 3.3275e+01 1.5562e+00 1.2390e-01 1.3671e-01
1.650e+02 2.6885e+00 5.3569e-02 5.3106e-01 5.5132e-02 4.2817e+00 1.7480e-01 4.8127e+00 2.2791e-01 3.9171e+01 1.3571e+00 1.2297e-01 1.3716e-01
1.700e+02 3.1450e+00 4.2731e-02 6.1797e-01 5.5163e-02 4.9990e+00 1.7171e-01 5.6169e+00 2.2556e-01 4.5525e+01 1.5207e+00 1.2350e-01 1.3683e-01
1.750e+02 3.5978e+00 4.5823e-02 7.1581e-01 5.5174e-02 5.7452e+00 1.7184e-01 6.4610e+00 2.2550e-01 4.8279e+01 1.2577e+00 1.3388e-01 1.3000e-01
1.800e+02 3.9638e+00 4.5974e-02 8.2252e-01 5.5179e-02 6.4313e+00 1.7211e-01 7.2538e+00 2.2576e-01 4.9088e+01 9.9279e-01 1.4781e-01 1.2091e-01
1.850e+02 4.2373e+00 3.9563e-02 9.3506e-01 5.5190e-02 7.0425e+00 1.7064e-01 7.9775e+00 2.2469e-01 4.9374e+01 1.2778e+00 1.6165e-01 1.1195e-01
1.900e+02 4.4250e+00 4.4002e-02 1.0507e+00 5.5202e-02 7.5772e+00 1.7185e-01 8.6280e+00 2.2566e-01 4.9174e+01 1.2673e+00 1.7553e-01 1.0291e-01
1.950e+02 4.5337e+00 4.8710e-02 1.1672e+00 5.5222e-02 8.0355e+00 1.7374e-01 9.2027e+00 2.2727e-01 4.8534e+01 9.9250e-01 1.8965e-01 9.3667e-02
2.000e+02 4.5735e+00 4.3928e-02 1.2827e+00 5.5256e-02 8.4215e+00 1.7292e-01 9.7042e+00 2.2680e-01 4.7858e+01 1.3207e+00 2.0288e-01 8.5198e-02
2.050e+02 4.5628e+00 4.7820e-02 1.3955e+00 5.5293e-02 8.7494e+00 1.7410e-01 1.0145e+01 2.2778e-01 4.7476e+01 1.5061e+00 2.1384e-01 7.8151e-02
2.100e+02 4.5207e+00 5.9191e-02 1.5050e+00 5.5336e-02 9.0358e+00 1.7827e-01 1.0541e+01 2.3120e-01 4.7489e+01 1.2213e+00 2.2205e-01 7.2657e-02
2.150e+02 4.4585e+00 6.4170e-02 1.6107e+00 5.5400e-02 9.2907e+00 1.8124e-01 1.0901e+01 2.3388e-01 4.7481e+01 9.8081e-01 2.2963e-01 6.7637e-02
2.200e+02 4.3794e+00 6.2214e-02 1.7123e+00 5.5489e-02 9.5164e+00 1.8171e-01 1.1229e+01 2.3463e-01 4.7386e+01 9.2285e-01 2.3700e-01 6.2854e-02
2.250e+02 4.2859e+00 5.6751e-02 1.8097e+00 5.5591e-02 9.7151e+00 1.8052e-01 1.1525e+01 2.3396e-01 4.7227e+01 9.7900e-01 2.4408e-01 5.8304e-02
2.300e+02 4.1807e+00 5.1650e-02 1.9028e+00 5.5691e-02 9.8891e+00 1.7900e-01 1.1792e+01 2.3289e-01 4.7030e+01 1.0265e+00 2.5080e-01 5.3982e-02
2.350e+02 4.0664e+00 4.8927e-02 1.9915e+00 5.5779e-02 1.0041e+01 1.7794e-01 1.2032e+01 2.3209e-01 4.6821e+01 9.8832e-01 2.5705e-01 4.9898e-02
2.400e+02 3.9457e+00 4.6993e-02 2.0759e+00 5.5853e-02 1.0173e+01 1.7712e-01 1.2249e+01 2.3146e-01 4.6625e+01 8.7326e-01 2.6275e-01 4.6123e-02
2.450e+02 3.8213e+00 4.2404e-02 2.1559e+00 5.5916e-02 1.0289e+01 1.7579e-01 1.2445e+01 2.3045e-01 4.6474e+01 8.8826e-01 2.6783e-01 4.2864e-02
2.500e+02 3.6958e+00 3.6477e-02 2.2319e+00 5.5971e-02 1.0391e+01 1.7431e-01 1.2623e+01 2.2935e-01 4.6410e+01 1.0979e+00 2.7209e-01 4.0303e-02
2.550e+02 3.5725e+00 3.6461e-02 2.3038e+00 5.6019e-02 1.0484e+01 1.7420e-01 1.2788e+01 2.2928e-01 4.6470e+01 1.2183e+00 2.7531e-01 3.8324e-02
2.600e+02 3.4543e+00 4.2973e-02 2.3721e+00 5.6063e-02 1.0570e+01 1.7582e-01 1.2943e+01 2.3059e-01 4.6667e+01 1.1516e+00 2.7743e-01 3.6817e-02
2.650e+02 3.3426e+00 5.0079e-02 2.4368e+00 5.6110e-02 1.0653e+01 1.7818e-01 1.3090e+01 2.3256e-01 4.6884e+01 1.0540e+00 2.7926e-01 3.5494e-02
2.700e+02 3.2370e+00 5.5184e-02 2.4983e+00 5.6166e-02 1.0732e+01 1.8046e-01 1.3230e+01 2.3458e-01 4.7096e+01 9.6845e-01 2.8096e-01 3.4287e-02
2.750e+02 3.1371e+00 5.7843e-02 2.5567e+00 5.6235e-02 1.0807e+01 1.8224e-01 1.3364e+01 2.3625e-01 4.7299e+01 9.0401e-01 2.8258e-01 3.3185e-02
2.800e+02 3.0426e+00 5.8333e-02 2.6124e+00 5.6317e-02 1.0880e+01 1.8335e-01 1.3492e+01 2.3743e-01 4.7493e+01 8.6793e-01 2.8411e-01 3.2170e-02
2.850e+02 2.9529e+00 5.7230e-02 2.6655e+00 5.6410e-02 1.0949e+01 1.8384e-01 1.3615e+01 2.3811e-01 4.7675e+01 8.6242e-01 2.8560e-01 3.1223e-02
2.900e+02 2.8677e+00 5.5268e-02 2.7161e+00 5.6510e-02 1.1016e+01 1.8388e-01 1.3732e+01 2.3841e-01 4.7844e+01 8.8312e-01 2.8705e-01 3.0324e-02
2.950e+02 2.7865e+00 5.3261e-02 2.7644e+00 5.6614e-02 1.1080e+01 1.8373e-01 1.3844e+01 2.3850e-01 4.7996e+01 9.2047e-01 2.8848e-01 2.9448e-02
3.000e+02 2.7088e+00 5.1977e-02 2.8106e+00 5.6717e-02 1.1141e+01 1.8362e-01 1.3951e+01 2.3858e-01 4.8130e+01 9.6280e-01 2.8991e-01 2.8572e-02
3.050e+02 2.6344e+00 5.1942e-02 2.8547e+00 5.6815e-02 1.1199e+01 1.8375e-01 1.4053e+01 2.3882e-01 4.8242e+01 9.9892e-01 2.9136e-01 2.7672e-02
3.100e+02 2.5626e+00 5.3251e-02 2.8970e+00 5.6910e-02 1.1254e+01 1.8425e-01 1.4151e+01 2.3932e-01 4.8330e+01 1.0192e+00 2.9285e-01 2.6723e-02
3.150e+02 2.4932e+00 5.5527e-02 2.9374e+00 5.7001e-02 1.1305e+01 1.8511e-01 1.4243e+01 2.4012e-01 4.8390e+01 1.0162e+00 2.9439e-01 2.5705e-02
3.200e+02 2.4256e+00 5.8075e-02 2.9762e+00 5.7091e-02 1.1354e+01 1.8620e-01 1.4330e+01 2.4112e-01 4.8420e+01 9.8484e-01 2.9601e-01 2.4601e-02
3.250e+02 2.3596e+00 6.0144e-02 3.0133e+00 5.7181e-02 1.1399e+01 1.8730e-01 1.4413e+01 2.4218e-01 4.8428e+01 9.3615e-01 2.9764e-01 2.3465e-02
3.300e+02 2.2949e+00 6.1338e-02 3.0488e+00 5.7274e-02 1.1441e+01 1.8824e-01 1.4490e+01 2.4313e-01 4.8432e+01 8.8800e-01 2.9921e-01 2.2386e-02
3.350e+02 2.2318e+00 6.1523e-02 3.0828e+00 5.7371e-02 1.1480e+01 1.8890e-01 1.4563e+01 2.4389e-01 4.8433e+01 8.4267e-01 3.0070e-01 2.1365e-02
3.400e+02 2.1701e+00 6.0688e-02 3.1154e+00 5.7471e-02 1.1516e+01 1.8921e-01 1.4632e+01 2.4437e-01 4.8431e+01 8.0242e-01 3.0212e-01 2.0404e-02
3.450e+02 2.1099e+00 5.8890e-02 3.1467e+00 5.7574e-02 1.1550e+01 1.8914e-01 1.4697e+01 2.4455e-01 4.8428e+01 7.6929e-01 3.0348e-01 1.9506e-02
3.500e+02 2.0512e+00 5.6239e-02 3.1766e+00 5.7678e-02 1.1581e+01 1.8872e-01 1.4758e+01 2.4442e-01 4.8425e+01 7.4498e-01 3.0475e-01 1.8672e-02
3.550e+02 1.9941e+00 5.2874e-02 3.2053e+00 5.7781e-02 1.1610e+01 1.8797e-01 1.4815e+01 2.4400e-01 4.8422e+01 7.3040e-01 3.0596e-01 1.7901e-02
3.600e+02 1.9385e+00 4.8966e-02 3.2328e+00 5.7880e-02 1.1637e+01 1.8697e-01 1.4870e+01 2.4333e-01 4.8421e+01 7.2554e-01 3.0709e-01 1.7192e-02
3.650e+02 1.8846e+00 4.4718e-02 3.2592e+00 5.7973e-02 1.1662e+01 1.8578e-01 1.4921e+01 2.4247e-01 4.8422e+01 7.2935e-01 3.0815e-01 1.6543e-02
3.700e+02 1.8323e+00 4.0364e-02 3.2845e+00 5.8057e-02 1.1686e+01 1.8448e-01 1.4970e+01 2.4148e-01 4.8427e+01 7.3993e-01 3.0914e-01 1.5952e-02
3.750e+02 1.7816e+00 3.6183e-02 3.3087e+00 5.8133e-02 1.1708e+01 1.8316e-01 1.5016e+01 2.4044e-01 4.8435e+01 7.5478e-01 3.1004e-01 1.5414e-02
3.800e+02 1.7325e+00 3.2496e-02 3.3320e+00 5.8196e-02 1.1728e+01 1.8189e-01 1.5060e+01 2.3939e-01 4.8449e+01 7.7122e-01 3.1087e-01 1.4924e-02
3.850e+02 1.6852e+00 2.9646e-02 3.3543e+00 5.8249e-02 1.1748e+01 1.8074e-01 1.5102e+01 2.3840e-01 4.8468e+01 7.8660e-01 3.1162e-01 1.4477e-02
3.900e+02 1.6396e+00 2.7918e-02 3.3758e+00 5.8290e-02 1.1767e+01 1.7977e-01 1.5143e+01 2.3753e-01 4.8494e+01 7.9856e-01 3.1228e-01 1.4068e-02
3.950e+02 1.5957e+00 2.7420e-02 3.3964e+00 5.8319e-02 1.1785e+01 1.7899e-01 1.5181e+01 2.3679e-01 4.8527e+01 8.0514e-01 3.1286e-01 1.3693e-02
4.000e+02 1.5535e+00 2.7992e-02 3.4162e+00 5.8339e-02 1.1802e+01 1.7843e-01 1.5218e+01 2.3623e-01 4.8567e+01 8.0527e-01 3.1337e-01 1.3348e-02
4.050e+02 1.5131e+00 2.9285e-02 3.4352e+00 5.8350e-02 1.1819e+01 1.7807e-01 1.5254e+01 2.3582e-01 4.8612e+01 8.0294e-01 3.1381e-01 1.3031e-02
4.100e+02 1.4744e+00 3.0959e-02 3.4535e+00 5.8354e-02 1.1835e+01 1.7787e-01 1.5289e+01 2.3555e-01 4.8658e+01 7.9982e-01 3.1422e-01 1.2738e-02
4.150e+02 1.4374e+00 3.2760e-02 3.4712e+00 5.8353e-02 1.1851e+01 1.7780e-01 1.5322e+01 2.3540e-01 4.8707e+01 7.9606e-01 3.1459e-01 1.2468e-02
4.200e+02 1.4019e+00 3.4519e-02 3.4882e+00 5.8347e-02 1.1866e+01 1.7785e-01 1.5355e+01 2.3536e-01 4.8758e+01 7.9181e-01 3.1493e-01 1.2221e-02
4.250e+02 1.3680e+00 3.6131e-02 3.5046e+00 5.8339e-02 1.1882e+01 1.7797e-01 1.5386e+01 2.3539e-01 4.8811e+01 7.8728e-01 3.1524e-01 1.1996e-02
4.300e+02 1.3355e+00 3.7536e-02 3.5204e+00 5.8330e-02 1.1897e+01 1.7816e-01 1.5417e+01 2.3550e-01 4.8866e+01 7.8264e-01 3.1551e-01 1.1791e-02
4.350e+02 1.3045e+00 3.8700e-02 3.5356e+00 5.8320e-02 1.1911e+01 1.7838e-01 1.5447e+01 2.3565e-01 4.8922e+01 7.7806e-01 3.1576e-01 1.1605e-02
4.400e+02 1.2749e+00 3.9612e-02 3.5504e+00 5.8311e-02 1.1926e+01 1.7863e-01 1.5476e+01 2.3584e-01 4.8980e+01 7.7375e-01 3.1599e-01 1.1437e-02
4.450e+02 1.2466e+00 4.0269e-02 3.5646e+00 5.8304e-02 1.1940e+01 1.7889e-01 1.5505e+01 2.3606e-01 4.9039e+01 7.6986e-01 3.1619e-01 1.1286e-02
4.500e+02 1.2195e+00 4.0682e-02 3.5784e+00 5.8298e-02 1.1955e+01 1.7915e-01 1.5533e+01 2.3629e-01 4.9098e+01 7.6656e-01 3.1638e-01 1.1151e-02
4.550e+02 1.1937e+00 4.0865e-02 3.5917e+00 5.8294e-02 1.1969e+01 1.7940e-01 1.5561e+01 2.3654e-01 4.9159e+01 7.6397e-01 3.1655e-01 1.1029e-02
4.600e+02 1.1690e+00 4.0837e-02 3.6046e+00 5.8294e-02 1.1983e+01 1.7965e-01 1.5588e+01 2.3679e-01 4.9220e+01 7.6223e-01 3.1670e-01 1.0920e-02
4.650e+02 1.1454e+00 4.0623e-02 3.6172e+00 5.8296e-02 1.1997e+01 1.7989e-01 1.5614e+01 2.3704e-01 4.9281e+01 7.6140e-01 3.1684e-01 1.0821e-02
4.700e+02 1.1229e+00 4.0249e-02 3.6293e+00 5.8301e-02 1.2011e+01 1.8010e-01 1.5640e+01 2.3729e-01 4.9342e+01 7.6152e-01 3.1698e-01 1.0731e-02
4.750e+02 1.1014e+00 3.9742e-02 3.6411e+00 5.8310e-02 1.2025e+01 1.8031e-01 1.5666e+01 2.3754e-01 4.9402e+01 7.6263e-01 3.1711e-01 1.0648e-02
4.800e+02 1.0808e+00 3.9134e-02 3.6525e+00 5.8321e-02 1.2038e+01 1.8051e-01 1.5691e+01 2.3778e-01 4.9462e+01 7.6470e-01 3.1724e-01 1.0571e-02
4.850e+02 1.0611e+00 3.8454e-02 3.6636e+00 5.8336e-02 1.2052e+01 1.8070e-01 1.5715e+01 2.3803e-01 4.9520e+01 7.6767e-01 3.1736e-01 1.0496e-02
4.900e+02 1.0422e+00 3.7737e-02 3.6744e+00 5.8353e-02 1.2065e+01 1.8089e-01 1.5740e+01 2.3827e-01 4.9577e+01 7.7143e-01 3.1749e-01 1.0423e-02
4.950e+02 1.0241e+00 3.7013e-02 3.6849e+00 5.8374e-02 1.2079e+01 1.8108e-01 1.5764e+01 2.3853e-01 4.9632e+01 7.7588e-01 3.1762e-01 1.0349e-02
5.000e+02 1.0067e+00 3.6315e-02 3.6951e+00 5.8397e-02 1.2092e+01 1.8128e-01 1.5787e+01 2.3878e-01 4.9685e+01 7.8085e-01 3.1775e-01 1.0272e-02
5.050e+02 9.9002e-01 3.5671e-02 3.7050e+00 5.8422e-02 1.2105e+01 1.8149e-01 1.5810e+01 2.3905e-01 4.9735e+01 7.8615e-01 3.1789e-01 1.0190e-02
5.100e+02 9.7394e-01 3.5107e-02 3.7147e+00 5.8450e-02 1.2118e+01 1.8171e-01 1.5833e+01 2.3933e-01 4.9782e+01 7.9160e-01 3.1805e-01 1.0101e-02
5.150e+02 9.5841e-01 3.4646e-02 3.7241e+00 5.8480e-02 1.2131e+01 1.8195e-01 1.5855e+01 2.3962e-01 4.9826e+01 7.9699e-01 3.1822e-01 1.0003e-02
5.200e+02 9.4339e-01 3.4303e-02 3.7333e+00 5.8512e-02 1.2143e+01 1.8221e-01 1.5877e+01 2.3993e-01 4.9865e+01 8.0208e-01 3.1840e-01 9.8936e-03
5.250e+02 9.2882e-01 3.4086e-02 3.7422e+00 5.8546e-02 1.2156e+01 1.8249e-01 1.5898e+01 2.4026e-01 4.9901e+01 8.0668e-01 3.1860e-01 9.7709e-03
5.300e+02 9.1465e-01 3.3995e-02 3.7510e+00 5.8582e-02 1.2168e+01 1.8279e-01 1.5919e+01 2.4060e-01 4.9931e+01 8.1057e-01 3.1882e-01 9.6328e-03
5.350e+02 9.0082e-01 3.4025e-02 3.7595e+00 5.8620e-02 1.2179e+01 1.8311e-01 1.5939e+01 2.4096e-01 4.9957e+01 8.1353e-01 3.1907e-01 9.4775e-03
5.400e+02 8.8729e-01 3.4161e-02 3.7678e+00 5.8659e-02 1.2191e+01 1.8344e-01 1.5959e+01 2.4134e-01 4.9976e+01 8.1539e-01 3.1933e-01 9.3029e-03
5.450e+02 8.7398e-01 3.4381e-02 3.7759e+00 5.8700e-02 1.2202e+01 1.8379e-01 1.5978e+01 2.4172e-01 4.9990e+01 8.1599e-01 3.1963e-01 9.1072e-03
5.500e+02 8.6087e-01 3.4660e-02 3.7839e+00 5.8741e-02 1.2212e+01 1.8415e-01 1.5996e+01 2.4211e-01 4.9999e+01 8.1549e-01 3.1995e-01 8.8960e-03
5.550e+02 8.4792e-01 3.4974e-02 3.7916e+00 5.8785e-02 1.2223e+01 1.8452e-01 1.6014e+01 2.4251e-01 5.0006e+01 8.1465e-01 3.2026e-01 8.6876e-03
5.600e+02 8.3513e-01 3.5303e-02 3.7991e+00 5.8830e-02 1.2233e+01 1.8488e-01 1.6032e+01 2.4291e-01 5.0013e+01 8.1351e-01 3.2056e-01 8.4827e-03
5.650e+02 8.2251e-01 3.5630e-02 3.8065e+00 5.8867e-02 1.2242e+01 1.8520e-01 1.6048e+01 2.4325e-01 5.0018e+01 8.1188e-01 3.2086e-01 8.2814e-03
5.700e+02 8.1005e-01 3.5940e-02 3.8137e+00 5.8920e-02 1.2251e+01 1.8558e-01 1.6065e+01 2.4367e-01 5.0024e+01 8.1022e-01 3.2115e-01 8.0836e-03
5.750e+02 7.9776e-01 3.6222e-02 3.8207e+00 5.8970e-02 1.2260e+01 1.8594e-01 1.6081e+01 2.4407e-01 5.0028e+01 8.0836e-01 3.2144e-01 7.8895e-03
5.800e+02 7.8562e-01 3.6466e-02 3.8276e+00 5.9019e-02 1.2268e+01 1.8627e-01 1.6096e+01 2.4444e-01 5.0032e+01 8.0614e-01 3.2172e-01 7.6990e-03
5.850e+02 7.7365e-01 3.6666e-02 3.8343e+00 5.9068e-02 1.2276e+01 1.8659e-01 1.6111e+01 2.4480e-01 5.0035e+01 8.0371e-01 3.2200e-01 7.5121e-03
5.900e+02 7.6183e-01 3.6816e-02 3.8408e+00 5.9118e-02 1.2284e+01 1.8689e-01 1.6125e+01 2.4515e-01 5.0038e+01 8.0106e-01 3.2227e-01 7.3290e-03
5.950e+02 7.5018e-01 3.6912e-02 3.8472e+00 5.9170e-02 1.2292e+01 1.8718e-01 1.6139e+01 2.4549e-01 5.0040e+01 7.9828e-01 3.2253e-01 7.1496e-03
6.000e+02 7.3868e-01 3.6951e-02 3.8534e+00 5.9221e-02 1.2299e+01 1.8743e-01 1.6152e+01 2.4579e-01 5.0041e+01 7.9529e-01 3.2279e-01 6.9740e-03
6.050e+02 7.2734e-01 3.6931e-02 3.8595e+00 5.9272e-02 1.2306e+01 1.8767e-01 1.6165e+01 2.4609e-01 5.0042e+01 7.9220e-01 3.2304e-01 6.8022e-03
6.100e+02 7.1615e-01 3.6852e-02 3.8654e+00 5.9318e-02 1.2312e+01 1.8787e-01 1.6178e+01 2.4634e-01 5.0043e+01 7.8893e-01 3.2329e-01 6.6343e-03
6.150e+02 7.0511e-01 3.6713e-02 3.8712e+00 5.9377e-02 1.2319e+01 1.8809e-01 1.6190e+01 2.4662e-01 5.0043e+01 7.8573e-01 3.2353e-01 6.4703e-03
6.200e+02 6.9423e-01 3.6515e-02 3.8769e+00 5.9429e-02 1.2325e+01 1.8825e-01 1.6202e+01 2.4685e-01 5.0043e+01 7.8240e-01 3.2376e-01 6.3103e-03
6.250e+02 6.8351e-01 3.6259e-02 3.8824e+00 5.9475e-02 1.2331e+01 1.8838e-01 1.6213e+01 2.4703e-01 5.0042e+01 7.7895e-01 3.2400e-01 6.1543e-03
6.300e+02 6.7293e-01 3.5947e-02 3.8878e+00 5.9534e-02 1.2336e+01 1.8852e-01 1.6224e+01 2.4725e-01 5.0041e+01 7.7566e-01 3.2422e-01 6.0024e-03
6.350e+02 6.6250e-01 3.5582e-02 3.8931e+00 5.9586e-02 1.2342e+01 1.8861e-01 1.6235e+01 2.4741e-01 5.0040e+01 7.7231e-01 3.2444e-01 5.8546e-03
6.400e+02 6.5223e-01 3.5164e-02 3.8983e+00 5.9638e-02 1.2347e+01 1.8868e-01 1.6245e+01 2.4755e-01 5.0039e+01 7.6899e-01 3.2466e-01 5.7110e-03
6.450e+02 6.4210e-01 3.4699e-02 3.9033e+00 5.9689e-02 1.2352e+01 1.8872e-01 1.6255e+01 2.4766e-01 5.0037e+01 7.6574e-01 3.2487e-01 5.5716e-03
6.500e+02 6.3212e-01 3.4188e-02 3.9082e+00 5.9739e-02 1.2357e+01 1.8874e-01 1.6265e+01 2.4775e-01 5.0035e+01 7.6256e-01 3.2507e-01 5.4364e-03
6.550e+02 6.2228e-01 3.3635e-02 3.9130e+00 5.9782e-02 1.2361e+01 1.8870e-01 1.6274e+01 2.4778e-01 5.0033e+01 7.5937e-01 3.2527e-01 5.3055e-03
6.600e+02 6.1259e-01 3.3044e-02 3.9177e+00 5.9838e-02 1.2366e+01 1.8870e-01 1.6283e+01 2.4786e-01 5.0031e+01 7.5653e-01 3.2547e-01 5.1789e-03
6.650e+02 6.0305e-01 3.2419e-02 3.9223e+00 5.9886e-02 1.2370e+01 1.8865e-01 1.6292e+01 2.4789e-01 5.0029e+01 7.5370e-01 3.2566e-01 5.0566e-03
6.700e+02 5.9365e-01 3.1765e-02 3.9268e+00 5.9932e-02 1.2374e+01 1.8858e-01 1.6301e+01 2.4788e-01 5.0027e+01 7.5103e-01 3.2584e-01 4.9386e-03
6.750e+02 5.8439e-01 3.1086e-02 3.9312e+00 5.9978e-02 1.2378e+01 1.8848e-01 1.6309e+01 2.4786e-01 5.0024e+01 7.4851e-01 3.2602e-01 4.8249e-03
6.800e+02 5.7527e-01 3.0387e-02 3.9354e+00 6.0022e-02 1.2382e+01 1.8837e-01 1.6317e+01 2.4782e-01 5.0022e+01 7.4616e-01 3.2620e-01 4.7154e-03
6.850e+02 5.6629e-01 2.9674e-02 3.9396e+00 6.0065e-02 1.2385e+01 1.8824e-01 1.6325e+01 2.4776e-01 5.0019e+01 7.4400e-01 3.2637e-01 4.6102e-03
6.900e+02 5.5745e-01 2.8950e-02 3.9437e+00 6.0107e-02 1.2389e+01 1.8809e-01 1.6332e+01 2.4768e-01 5.0017e+01 7.4201e-01 3.2654e-01 4.5091e-03
6.950e+02 5.4875e-01 2.8223e-02 3.9478e+00 6.0136e-02 1.2392e+01 1.8791e-01 1.6340e+01 2.4755e-01 5.0015e+01 7.4023e-01 3.2670e-01 4.4121e-03
7.000e+02 5.4019e-01 2.7498e-02 3.9516e+00 6.0185e-02 1.2395e+01 1.8776e-01 1.6347e+01 2.4747e-01 5.0011e+01 7.3860e-01 3.2686e-01 4.3192e-03
7.050e+02 5.3177e-01 2.6780e-02 3.9554e+00 6.0221e-02 1.2398e+01 1.8757e-01 1.6353e+01 2.4734e-01 5.0009e+01 7.3719e-01 3.2701e-01 4.2302e-03
7.100e+02 5.2348e-01 2.6077e-02 3.9592e+00 6.0257e-02 1.2401e+01 1.8737e-01 1.6360e+01 2.4720e-01 5.0006e+01 7.3595e-01 3.2716e-01 4.1449e-03
7.150e+02 5.1532e-01 2.5393e-02 3.9628e+00 6.0290e-02 1.2404e+01 1.8716e-01 1.6367e+01 2.4704e-01 5.0004e+01 7.3489e-01 3.2730e-01 4.0633e-03
7.200e+02 5.0730e-01 2.4736e-02 3.9664e+00 6.0321e-02 1.2406e+01 1.8695e-01 1.6373e+01 2.4688e-01 5.0002e+01 7.3399e-01 3.2744e-01 3.9851e-03
7.250e+02 4.9941e-01 2.4112e-02 3.9698e+00 6.0351e-02 1.2409e+01 1.8673e-01 1.6379e+01 2.4671e-01 4.9999e+01 7.3326e-01 3.2758e-01 3.9102e-03
7.300e+02 4.9165e-01 2.3526e-02 3.9733e+00 6.0378e-02 1.2411e+01 1.8650e-01 1.6385e+01 2.4652e-01 4.9997e+01 7.3267e-01 3.2771e-01 3.8384e-03
7.350e+02 4.8402e-01 2.2985e-02 3.9766e+00 6.0404e-02 1.2414e+01 1.8627e-01 1.6390e+01 2.4633e-01 4.9995e+01 7.3221e-01 3.2784e-01 3.7695e-03
7.400e+02 4.7652e-01 2.2492e-02 3.9799e+00 6.0445e-02 1.2416e+01 1.8606e-01 1.6396e+01 2.4618e-01 4.9994e+01 7.3191e-01 3.2796e-01 3.7033e-03
7.450e+02 4.6915e-01 2.2054e-02 3.9830e+00 6.0451e-02 1.2418e+01 1.8581e-01 1.6401e+01 2.4594e-01 4.9992e+01 7.3162e-01 3.2808e-01 3.6395e-03
7.500e+02 4.6190e-01 2.1672e-02 3.9861e+00 6.0471e-02 1.2420e+01 1.8558e-01 1.6406e+01 2.4574e-01 4.9990e+01 7.3145e-01 3.2820e-01 3.5779e-03
7.550e+02 4.5479e-01 2.1351e-02 3.9892e+00 6.0490e-02 1.2422e+01 1.8535e-01 1.6412e+01 2.4554e-01 4.9989e+01 7.3137e-01 3.2831e-01 3.5183e-03
7.600e+02 4.4780e-01 2.1091e-02 3.9922e+00 6.0506e-02 1.2424e+01 1.8512e-01 1.6416e+01 2.4533e-01 4.9987e+01 7.3128e-01 3.2841e-01 3.4603e-03
7.650e+02 4.4093e-01 2.0893e-02 3.9951e+00 6.0511e-02 1.2426e+01 1.8487e-01 1.6421e+01 2.4509e-01 4.9987e+01 7.3129e-01 3.2852e-01 3.4037e-03
7.700e+02 4.3419e-01 2.0755e-02 3.9979e+00 6.0535e-02 1.2428e+01 1.8468e-01 1.6426e+01 2.4493e-01 4.9985e+01 7.3119e-01 3.2862e-01 3.3484e-03
7.750e+02 4.2756e-01 2.0674e-02 4.0008e+00 6.0553e-02 1.2430e+01 1.8449e-01 1.6431e+01 2.4476e-01 4.9985e+01 7.3120e-01 3.2871e-01 3.2940e-03
7.800e+02 4.2106e-01 2.0647e-02 4.0036e+00 6.0618e-02 1.2432e+01 1.8443e-01 1.6435e+01 2.4476e-01 4.9986e+01 7.3136e-01 3.2880e-01 3.2403e-03
7.850e+02 4.1469e-01 2.0668e-02 4.0061e+00 6.0565e-02 1.2433e+01 1.8407e-01 1.6439e+01 2.4434e-01 4.9984e+01 7.3091e-01 3.2889e-01 3.1871e-03
7.900e+02 4.0843e-01 2.0732e-02 4.0087e+00 6.0571e-02 1.2435e+01 1.8387e-01 1.6443e+01 2.4416e-01 4.9984e+01 7.3070e-01 3.2897e-01 3.1342e-03
7.950e+02 4.0228e-01 2.0831e-02 4.0113e+00 6.0578e-02 1.2436e+01 1.8370e-01 1.6447e+01 2.4398e-01 4.9984e+01 7.3043e-01 3.2905e-01 3.0815e-03
8.000e+02 3.9626e-01 2.0958e-02 4.0138e+00 6.0582e-02 1.2438e+01 1.8352e-01 1.6451e+01 2.4380e-01 4.9985e+01 7.3006e-01 3.2913e-01 3.0288e-03
8.050e+02 3.9035e-01 2.1106e-02 4.0162e+00 6.0584e-02 1.2439e+01 1.8335e-01 1.6455e+01 2.4363e-01 4.9986e+01 7.2961e-01 3.2920e-01 2.9760e-03
8.100e+02 3.8456e-01 2.1266e-02 4.0186e+00 6.0586e-02 1.2440e+01 1.8320e-01 1.6459e+01 2.4347e-01 4.9987e+01 7.2906e-01 3.2927e-01 2.9230e-03
8.150e+02 3.7888e-01 2.1431e-02 4.0210e+00 6.0590e-02 1.2442e+01 1.8306e-01 1.6463e+01 2.4334e-01 4.9988e+01 7.2846e-01 3.2934e-01 2.8698e-03
8.200e+02 3.7332e-01 2.1593e-02 4.0233e+00 6.0587e-02 1.2443e+01 1.8291e-01 1.6466e+01 2.4318e-01 4.9989e+01 7.2778e-01 3.2940e-01 2.8176e-03
8.250e+02 3.6787e-01 2.1746e-02 4.0255e+00 6.0585e-02 1.2444e+01 1.8278e-01 1.6470e+01 2.4304e-01 4.9991e+01 7.2712e-01 3.2946e-01 2.7673e-03
8.300e+02 3.6253e-01 2.1888e-02 4.0277e+00 6.0583e-02 1.2446e+01 1.8266e-01 1.6473e+01 2.4291e-01 4.9993e+01 7.2649e-01 3.2952e-01 2.7189e-03
8.350e+02 3.5729e-01 2.2014e-02 4.0299e+00 6.0580e-02 1.2447e+01 1.8254e-01 1.6477e+01 2.4279e-01 4.9995e+01 7.2588e-01 3.2957e-01 2.6724e-03
8.400e+02 3.5217e-01 2.2123e-02 4.0320e+00 6.0577e-02 1.2448e+01 1.8243e-01 1.6480e+01 2.4267e-01 4.9998e+01 7.2529e-01 3.2962e-01 2.6280e-03
8.450e+02 3.4715e-01 2.2212e-02 4.0342e+00 6.0614e-02 1.2450e+01 1.8247e-01 1.6484e+01 2.4275e-01 5.0001e+01 7.2530e-01 3.2967e-01 2.5856e-03
8.500e+02 3.4224e-01 2.2279e-02 4.0361e+00 6.0568e-02 1.2451e+01 1.8223e-01 1.6487e+01 2.4245e-01 5.0003e+01 7.2424e-01 3.2972e-01 2.5453e-03
8.550e+02 3.3743e-01 2.2324e-02 4.0381e+00 6.0564e-02 1.2452e+01 1.8213e-01 1.6490e+01 2.4236e-01 5.0006e+01 7.2378e-01 3.2976e-01 2.5072e-03
8.600e+02 3.3273e-01 2.2346e-02 4.0401e+00 6.0558e-02 1.2453e+01 1.8204e-01 1.6493e+01 2.4226e-01 5.0010e+01 7.2337e-01 3.2980e-01 2.4712e-03
8.650e+02 3.2813e-01 2.2343e-02 4.0420e+00 6.0552e-02 1.2454e+01 1.8196e-01 1.6496e+01 2.4217e-01 5.0013e+01 7.2302e-01 3.2984e-01 2.4376e-03
8.700e+02 3.2362e-01 2.2317e-02 4.0439e+00 6.0545e-02 1.2455e+01 1.8188e-01 1.6499e+01 2.4208e-01 5.0017e+01 7.2273e-01 3.2987e-01 2.4062e-03
8.750e+02 3.1922e-01 2.2266e-02 4.0457e+00 6.0538e-02 1.2456e+01 1.8180e-01 1.6502e+01 2.4200e-01 5.0021e+01 7.2250e-01 3.2991e-01 2.3771e-03
8.800e+02 3.1491e-01 2.2193e-02 4.0475e+00 6.0532e-02 1.2457e+01 1.8173e-01 1.6505e+01 2.4192e-01 5.0025e+01 7.2235e-01 3.2994e-01 2.3503e-03
8.850e+02 3.1069e-01 2.2096e-02 4.0493e+00 6.0521e-02 1.2459e+01 1.8165e-01 1.6508e+01 2.4184e-01 5.0029e+01 7.2229e-01 3.2997e-01 2.3259e-03
8.900e+02 3.0658e-01 2.1976e-02 4.0510e+00 6.0518e-02 1.2460e+01 1.8160e-01 1.6511e+01 2.4178e-01 5.0034e+01 7.2229e-01 3.2999e-01 2.3039e-03
8.950e+02 3.0255e-01 2.1836e-02 4.0527e+00 6.0510e-02 1.2461e+01 1.8153e-01 1.6514e+01 2.4171e-01 5.0038e+01 7.2238e-01 3.3002e-01 2.2842e-03
9.000e+02 2.9862e-01 2.1674e-02 4.0544e+00 6.0501e-02 1.2462e+01 1.8147e-01 1.6516e+01 2.4165e-01 5.0044e+01 7.2258e-01 3.3004e-01 2.2669e-03
9.050e+02 2.9477e-01 2.1494e-02 4.0561e+00 6.0495e-02 1.2463e+01 1.8142e-01 1.6519e+01 2.4159e-01 5.0049e+01 7.2283e-01 3.3006e-01 2.2519e-03
9.100e+02 2.9102e-01 2.1296e-02 4.0577e+00 6.0488e-02 1.2464e+01 1.8137e-01 1.6522e+01 2.4154e-01 5.0054e+01 7.2320e-01 3.3008e-01 2.2392e-03
9.150e+02 2.8735e-01 2.1081e-02 4.0593e+00 6.0480e-02 1.2465e+01 1.8132e-01 1.6524e+01 2.4149e-01 5.0059e+01 7.2366e-01 3.3010e-01 2.2288e-03
9.200e+02 2.8377e-01 2.0851e-02 4.0608e+00 6.0473e-02 1.2466e+01 1.8127e-01 1.6527e+01 2.4145e-01 5.0065e+01 7.2421e-01 3.3011e-01 2.2206e-03
9.250e+02 2.8028e-01 2.0608e-02 4.0623e+00 6.0466e-02 1.2467e+01 1.8123e-01 1.6530e+01 2.4140e-01 5.0071e+01 7.2486e-01 3.3012e-01 2.2145e-03
9.300e+02 2.7687e-01 2.0354e-02 4.0638e+00 6.0459e-02 1.2468e+01 1.8119e-01 1.6532e+01 2.4136e-01 5.0077e+01 7.2561e-01 3.3014e-01 2.2106e-03
9.350e+02 2.7354e-01 2.0090e-02 4.0653e+00 6.0451e-02 1.2469e+01 1.8115e-01 1.6535e+01 2.4132e-01 5.0083e+01 7.2645e-01 3.3015e-01 2.2086e-03
9.400e+02 2.7029e-01 1.9818e-02 4.0668e+00 6.0445e-02 1.2471e+01 1.8112e-01 1.6537e+01 2.4129e-01 5.0090e+01 7.2739e-01 3.3015e-01 2.2086e-03
9.450e+02 2.6712e-01 1.9541e-02 4.0682e+00 6.0438e-02 1.2472e+01 1.8109e-01 1.6540e+01 2.4126e-01 5.0096e+01 7.2842e-01 3.3016e-01 2.2103e-03
9.500e+02 2.6403e-01 1.9261e-02 4.0696e+00 6.0431e-02 1.2473e+01 1.8106e-01 1.6542e+01 2.4124e-01 5.0103e+01 7.2954e-01 3.3017e-01 2.2138e-03
9.550e+02 2.6101e-01 1.8981e-02 4.0710e+00 6.0425e-02 1.2474e+01 1.8104e-01 1.6545e+01 2.4122e-01 5.0110e+01 7.3074e-01 3.3017e-01 2.2188e-03
9.600e+02 2.5807e-01 1.8701e-02 4.0723e+00 6.0418e-02 1.2475e+01 1.8102e-01 1.6547e+01 2.4120e-01 5.0117e+01 7.3204e-01 3.3018e-01 2.2253e-03
9.650e+02 2.5521e-01 1.8426e-02 4.0737e+00 6.0412e-02 1.2476e+01 1.8101e-01 1.6550e+01 2.4119e-01 5.0124e+01 7.3340e-01 3.3018e-01 2.2332e-03
9.700e+02 2.5241e-01 1.8157e-02 4.0750e+00 6.0407e-02 1.2477e+01 1.8100e-01 1.6552e+01 2.4118e-01 5.0132e+01 7.3486e-01 3.3018e-01 2.2423e-03
9.750e+02 2.4969e-01 1.7896e-02 4.0763e+00 6.0401e-02 1.2478e+01 1.8100e-01 1.6555e+01 2.4117e-01 5.0139e+01 7.3637e-01 3.3018e-01 2.2525e-03
9.800e+02 2.4704e-01 1.7647e-02 4.0775e+00 6.0394e-02 1.2480e+01 1.8099e-01 1.6557e+01 2.4117e-01 5.0147e+01 7.3795e-01 3.3018e-01 2.2636e-03
9.850e+02 2.4446e-01 1.7413e-02 4.0788e+00 6.0391e-02 1.2481e+01 1.8100e-01 1.6560e+01 2.4118e-01 5.0154e+01 7.3961e-01 3.3017e-01 2.2756e-03
9.900e+02 2.4194e-01 1.7194e-02 4.0800e+00 6.0385e-02 1.2482e+01 1.8101e-01 1.6562e+01 2.4119e-01 5.0162e+01 7.4129e-01 3.3017e-01 2.2883e-03
9.950e+02 2.3949e-01 1.6994e-02 4.0812e+00 6.0367e-02 1.2483e+01 1.8098e-01 1.6564e+01 2.4115e-01 5.0170e+01 7.4287e-01 3.3017e-01 2.3015e-03
1.000e+03 2.3711e-01 1.6815e-02 4.0824e+00 6.0376e-02 1.2484e+01 1.8104e-01 1.6567e+01 2.4122e-01 5.0178e+01 7.4480e-01 3.3016e-01 2.3152e-03
1.005e+03 2.3478e-01 1.6659e-02 4.0836e+00 6.0368e-02 1.2486e+01 1.8105e-01 1.6569e+01 2.4123e-01 5.0186e+01 7.4653e-01 3.3016e-01 2.3292e-03
1.010e+03 2.3252e-01 1.6528e-02 4.0848e+00 6.0368e-02 1.2487e+01 1.8109e-01 1.6572e+01 2.4127e-01 5.0194e+01 7.4844e-01 3.3015e-01 2.3433e-03
1.015e+03 2.3032e-01 1.6423e-02 4.0859e+00 6.0364e-02 1.2488e+01 1.8112e-01 1.6574e+01 2.4130e-01 5.0202e+01 7.5027e-01 3.3015e-01 2.3576e-03
1.020e+03 2.2818e-01 1.6346e-02 4.0870e+00 6.0360e-02 1.2489e+01 1.8116e-01 1.6576e+01 2.4134e-01 5.0211e+01 7.5212e-01 3.3014e-01 2.3718e-03
1.025e+03 2.2610e-01 1.6297e-02 4.0881e+00 6.0358e-02 1.2491e+01 1.8121e-01 1.6579e+01 2.4138e-01 5.0219e+01 7.5396e-01 3.3013e-01 2.3858e-03
1.030e+03 2.2407e-01 1.6277e-02 4.0892e+00 6.0355e-02 1.2492e+01 1.8126e-01 1.6581e+01 2.4143e-01 5.0227e+01 7.5578e-01 3.3012e-01 2.3995e-03
1.035e+03 2.2210e-01 1.6287e-02 4.0903e+00 6.0353e-02 1.2493e+01 1.8131e-01 1.6583e+01 2.4148e-01 5.0236e+01 7.5758e-01 3.3012e-01 2.4129e-03
1.040e+03 2.2018e-01 1.6325e-02 4.0914e+00 6.0350e-02 1.2494e+01 1.8137e-01 1.6586e+01 2.4153e-01 5.0244e+01 7.5934e-01 3.3011e-01 2.4257e-03
1.045e+03 2.1831e-01 1.6392e-02 4.0924e+00 6.0348e-02 1.2496e+01 1.8143e-01 1.6588e+01 2.4160e-01 5.0253e+01 7.6106e-01 3.3010e-01 2.4380e-03
1.050e+03 2.1650e-01 1.6486e-02 4.0935e+00 6.0347e-02 1.2497e+01 1.8150e-01 1.6590e+01 2.4166e-01 5.0261e+01 7.6274e-01 3.3009e-01 2.4496e-03
1.055e+03 2.1473e-01 1.6607e-02 4.0945e+00 6.0347e-02 1.2498e+01 1.8158e-01 1.6593e+01 2.4174e-01 5.0269e+01 7.6437e-01 3.3008e-01 2.4605e-03
1.060e+03 2.1301e-01 1.6752e-02 4.0955e+00 6.0349e-02 1.2500e+01 1.8167e-01 1.6595e+01 2.4182e-01 5.0278e+01 7.6595e-01 3.3007e-01 2.4704e-03
1.065e+03 2.1134e-01 1.6919e-02 4.0965e+00 6.0344e-02 1.2501e+01 1.8174e-01 1.6597e+01 2.4188e-01 5.0286e+01 7.6735e-01 3.3006e-01 2.4795e-03
1.070e+03 2.0972e-01 1.7107e-02 4.0975e+00 6.0344e-02 1.2502e+01 1.8183e-01 1.6600e+01 2.4197e-01 5.0295e+01 7.6872e-01 3.3005e-01 2.4876e-03
1.075e+03 2.0813e-01 1.7313e-02 4.0985e+00 6.0344e-02 1.2504e+01 1.8192e-01 1.6602e+01 2.4205e-01 5.0303e+01 7.6999e-01 3.3005e-01 2.4945e-03
1.080e+03 2.0659e-01 1.7535e-02 4.0994e+00 6.0344e-02 1.2505e+01 1.8201e-01 1.6604e+01 2.4214e-01 5.0311e+01 7.7116e-01 3.3004e-01 2.5004e-03
1.085e+03 2.0510e-01 1.7770e-02 4.1004e+00 6.0340e-02 1.2506e+01 1.8210e-01 1.6607e+01 2.4223e-01 5.0320e+01 7.7220e-01 3.3003e-01 2.5051e-03
1.090e+03 2.0364e-01 1.8016e-02 4.1013e+00 6.0346e-02 1.2508e+01 1.8221e-01 1.6609e+01 2.4234e-01 5.0328e+01 7.7315e-01 3.3002e-01 2.5085e-03
1.095e+03 2.0222e-01 1.8270e-02 4.1022e+00 6.0348e-02 1.2509e+01 1.8232e-01 1.6611e+01 2.4244e-01 5.0336e+01 7.7395e-01 3.3001e-01 2.5107e-03
1.100e+03 2.0084e-01 1.8529e-02 4.1032e+00 6.0349e-02 1.2510e+01 1.8242e-01 1.6613e+01 2.4254e-01 5.0344e+01 7.7460e-01 3.3001e-01 2.5116e-03
1.105e+03 1.9949e-01 1.8791e-02 4.1041e+00 6.0352e-02 1.2512e+01 1.8253e-01 1.6616e+01 2.4264e-01 5.0352e+01 7.7514e-01 3.3000e-01 2.5111e-03
1.110e+03 1.9818e-01 1.9054e-02 4.1050e+00 6.0355e-02 1.2513e+01 1.8264e-01 1.6618e+01 2.4275e-01 5.0360e+01 7.7552e-01 3.3000e-01 2.5093e-03
1.115e+03 1.9690e-01 1.9314e-02 4.1058e+00 6.0351e-02 1.2514e+01 1.8273e-01 1.6620e+01 2.4283e-01 5.0367e+01 7.7561e-01 3.2999e-01 2.5062e-03
1.120e+03 1.9565e-01 1.9569e-02 4.1067e+00 6.0358e-02 1.2516e+01 1.8286e-01 1.6623e+01 2.4296e-01 5.0375e+01 7.7578e-01 3.2999e-01 2.5016e-03
1.125e+03 1.9444e-01 1.9818e-02 4.1076e+00 6.0363e-02 1.2517e+01 1.8298e-01 1.6625e+01 2.4307e-01 5.0382e+01 7.7572e-01 3.2998e-01 2.4958e-03
1.130e+03 1.9325e-01 2.0058e-02 4.1085e+00 6.0368e-02 1.2519e+01 1.8309e-01 1.6627e+01 2.4319e-01 5.0389e+01 7.7550e-01 3.2998e-01 2.4886e-03
1.135e+03 1.9209e-01 2.0286e-02 4.1093e+00 6.0371e-02 1.2520e+01 1.8320e-01 1.6629e+01 2.4329e-01 5.0396e+01 7.7506e-01 3.2998e-01 2.4802e-03
1.140e+03 1.9096e-01 2.0501e-02 4.1102e+00 6.0376e-02 1.2521e+01 1.8331e-01 1.6632e+01 2.4340e-01 5.0403e+01 7.7451e-01 3.2998e-01 2.4705e-03
1.145e+03 1.8985e-01 2.0700e-02 4.1110e+00 6.0380e-02 1.2523e+01 1.8342e-01 1.6634e+01 2.4351e-01 5.0410e+01 7.7378e-01 3.2998e-01 2.4597e-03
1.150e+03 1.8877e-01 2.0882e-02 4.1118e+00 6.0385e-02 1.2524e+01 1.8352e-01 1.6636e+01 2.4361e-01 5.0416e+01 7.7291e-01 3.2998e-01 2.4478e-03
1.155e+03 1.8770e-01 2.1045e-02 4.1126e+00 6.0390e-02 1.2526e+01 1.8362e-01 1.6638e+01 2.4371e-01 5.0423e+01 7.7189e-01 3.2998e-01 2.4350e-03
1.160e+03 1.8666e-01 2.1187e-02 4.1134e+00 6.0395e-02 1.2527e+01 1.8372e-01 1.6640e+01 2.4381e-01 5.0429e+01 7.7073e-01 3.2998e-01 2.4213e-03
1.165e+03 1.8564e-01 2.1307e-02 4.1142e+00 6.0402e-02 1.2528e+01 1.8381e-01 1.6643e+01 2.4391e-01 5.0434e+01 7.6945e-01 3.2999e-01 2.4070e-03
1.170e+03 1.8464e-01 2.1404e-02 4.1150e+00 6.0407e-02 1.2530e+01 1.8390e-01 1.6645e+01 2.4400e-01 5.0440e+01 7.6804e-01 3.3000e-01 2.3921e-03
1.175e+03 1.8365e-01 2.1475e-02 4.1158e+00 6.0407e-02 1.2531e+01 1.8396e-01 1.6647e+01 2.4406e-01 5.0445e+01 7.6640e-01 3.3000e-01 2.3770e-03
1.180e+03 1.8268e-01 2.1519e-02 4.1166e+00 6.0420e-02 1.2532e+01 1.8406e-01 1.6649e+01 2.4417e-01 5.0450e+01 7.6497e-01 3.3001e-01 2.3617e-03
1.185e+03 1.8172e-01 2.1536e-02 4.1174e+00 6.0427e-02 1.2534e+01 1.8413e-01 1.6651e+01 2.4425e-01 5.0455e+01 7.6331e-01 3.3002e-01 2.3467e-03
1.190e+03 1.8078e-01 2.1525e-02 4.1181e+00 6.0434e-02 1.2535e+01 1.8419e-01 1.6653e+01 2.4432e-01 5.0460e+01 7.6163e-01 3.3004e-01 2.3322e-03
1.195e+03 1.7985e-01 2.1485e-02 4.1189e+00 6.0441e-02 1.2536e+01 1.8425e-01 1.6655e+01 2.4438e-01 5.0464e+01 7.5992e-01 3.3005e-01 2.3185e-03
1.200e+03 1.7892e-01 2.1415e-02 4.1194e+00 6.0654e-02 1.2537e+01 1.8489e-01 1.6657e+01 2.4523e-01 5.0465e+01 7.6082e-01 3.3007e-01 2.3062e-03
1.205e+03 1.7801e-01 2.1314e-02 4.1204e+00 6.0454e-02 1.2539e+01 1.8433e-01 1.6660e+01 2.4448e-01 5.0471e+01 7.5655e-01 3.3008e-01 2.2953e-03
1.210e+03 1.7710e-01 2.1183e-02 4.1211e+00 6.0463e-02 1.2540e+01 1.8437e-01 1.6662e+01 2.4453e-01 5.0474e+01 7.5498e-01 3.3010e-01 2.2866e-03
1.215e+03 1.7620e-01 2.1022e-02 4.1218e+00 6.0470e-02 1.2542e+01 1.8439e-01 1.6664e+01 2.4456e-01 5.0477e+01 7.5356e-01 3.3012e-01 2.2805e-03
1.220e+03 1.7530e-01 2.0832e-02 4.1226e+00 6.0477e-02 1.2543e+01 1.8440e-01 1.6666e+01 2.4459e-01 5.0480e+01 7.5228e-01 3.3015e-01 2.2775e-03
1.225e+03 1.7441e-01 2.0612e-02 4.1233e+00 6.0503e-02 1.2544e+01 1.8445e-01 1.6668e+01 2.4467e-01 5.0482e+01 7.5134e-01 3.3017e-01 2.2781e-03
1.230e+03 1.7352e-01 2.0365e-02 4.1240e+00 6.0492e-02 1.2545e+01 1.8439e-01 1.6669e+01 2.4461e-01 5.0483e+01 7.5044e-01 3.3020e-01 2.2831e-03
1.235e+03 1.7263e-01 2.0092e-02 4.1247e+00 6.0499e-02 1.2547e+01 1.8437e-01 1.6671e+01 2.4460e-01 5.0485e+01 7.4998e-01 3.3023e-01 2.2929e-03
1.240e+03 1.7174e-01 1.9795e-02 4.1254e+00 6.0506e-02 1.2548e+01 1.8434e-01 1.6673e+01 2.4459e-01 5.0485e+01 7.4991e-01 3.3026e-01 2.3081e-03
1.245e+03 1.7084e-01 1.9478e-02 4.1261e+00 6.0513e-02 1.2549e+01 1.8431e-01 1.6675e+01 2.4457e-01 5.0486e+01 7.5031e-01 3.3030e-01 2.3294e-03
1.250e+03 1.6995e-01 1.9145e-02 4.1268e+00 6.0520e-02 1.2550e+01 1.8426e-01 1.6677e+01 2.4453e-01 5.0486e+01 7.5123e-01 3.3033e-01 2.3574e-03
1.255e+03 1.6904e-01 1.8800e-02 4.1275e+00 6.0524e-02 1.2551e+01 1.8418e-01 1.6679e+01 2.4446e-01 5.0486e+01 7.5248e-01 3.3037e-01 2.3925e-03
1.260e+03 1.6813e-01 1.8451e-02 4.1281e+00 6.0533e-02 1.2552e+01 1.8413e-01 1.6681e+01 2.4443e-01 5.0484e+01 7.5497e-01 3.3042e-01 2.4354e-03
1.265e+03 1.6722e-01 1.8104e-02 4.1288e+00 6.0540e-02 1.2554e+01 1.8405e-01 1.6682e+01 2.4437e-01 5.0483e+01 7.5796e-01 3.3046e-01 2.4864e-03
1.270e+03 1.6629e-01 1.7770e-02 4.1294e+00 6.0542e-02 1.2555e+01 1.8396e-01 1.6684e+01 2.4429e-01 5.0481e+01 7.6176e-01 3.3051e-01 2.5459e-03
1.275e+03 1.6536e-01 1.7458e-02 4.1301e+00 6.0551e-02 1.2556e+01 1.8387e-01 1.6686e+01 2.4422e-01 5.0478e+01 7.6655e-01 3.3056e-01 2.6142e-03
1.280e+03 1.6441e-01 1.7182e-02 4.1307e+00 6.0557e-02 1.2557e+01 1.8377e-01 1.6687e+01 2.4413e-01 5.0475e+01 7.7234e-01 3.3061e-01 2.6917e-03
1.285e+03 1.6345e-01 1.6957e-02 4.1314e+00 6.0562e-02 1.2558e+01 1.8367e-01 1.6689e+01 2.4403e-01 5.0472e+01 7.7924e-01 3.3067e-01 2.7784e-03
1.290e+03 1.6247e-01 1.6799e-02 4.1320e+00 6.0566e-02 1.2558e+01 1.8355e-01 1.6690e+01 2.4393e-01 5.0468e+01 7.8734e-01 3.3073e-01 2.8746e-03
1.295e+03 1.6148e-01 1.6727e-02 4.1326e+00 6.0570e-02 1.2559e+01 1.8344e-01 1.6692e+01 2.4382e-01 5.0463e+01 7.9672e-01 3.3079e-01 2.9803e-03
1.300e+03 1.6047e-01 1.6757e-02 4.1332e+00 6.0573e-02 1.2560e+01 1.8332e-01 1.6693e+01 2.4371e-01 5.0458e+01 8.0746e-01 3.3086e-01 3.0956e-03
1.305e+03 1.5944e-01 1.6909e-02 4.1339e+00 6.0576e-02 1.2561e+01 1.8321e-01 1.6695e+01 2.4359e-01 5.0452e+01 8.1965e-01 3.3093e-01 3.2204e-03
1.310e+03 1.5840e-01 1.7198e-02 4.1345e+00 6.0579e-02 1.2562e+01 1.8309e-01 1.6696e+01 2.4347e-01 5.0445e+01 8.3335e-01 3.3100e-01 3.3547e-03
1.315e+03 1.5733e-01 1.7639e-02 4.1351e+00 6.0581e-02 1.2563e+01 1.8298e-01 1.6698e+01 2.4335e-01 5.0438e+01 8.4863e-01 3.3108e-01 3.4985e-03
1.320e+03 1.5624e-01 1.8243e-02 4.1357e+00 6.0592e-02 1.2563e+01 1.8288e-01 1.6699e+01 2.4325e-01 5.0431e+01 8.6483e-01 3.3116e-01 3.6515e-03
1.325e+03 1.5512e-01 1.9016e-02 4.1362e+00 6.0582e-02 1.2564e+01 1.8278e-01 1.6700e+01 2.4312e-01 5.0422e+01 8.8419e-01 3.3124e-01 3.8142e-03
1.330e+03 1.5398e-01 1.9962e-02 4.1368e+00 6.0582e-02 1.2564e+01 1.8270e-01 1.6701e+01 2.4301e-01 5.0413e+01 9.0456e-01 3.3133e-01 3.9859e-03
