#T I dI P dP E dE S dS CV dCV cs dcs
1.35e+02 1.7079e+00 3.7174e-01 3.4386e-01 2.8852e-02 2.7395e+00 3.8169e-01 3.0834e+00 3.8925e-01 2.0030e+01 2.5252e+00 1.5771e-01 7.0932e-02
1.40e+02 1.8746e+00 2.4458e-01 4.0887e-01 3.0891e-02 3.1012e+00 2.9057e-01 3.5101e+00 3.1057e-01 2.3224e+01 2.3791e+00 1.5321e-01 6.7346e-02
1.45e+02 2.0757e+00 1.6763e-01 4.7807e-01 3.3945e-02 3.5099e+00 2.3450e-01 3.9880e+00 2.6185e-01 2.6498e+01 2.1211e+00 1.5155e-01 6.5310e-02
1.50e+02 2.3011e+00 1.3444e-01 5.5218e-01 3.6345e-02 3.9576e+00 2.0774e-01 4.5098e+00 2.3832e-01 2.9762e+01 1.8016e+00 1.5202e-01 6.3878e-02
1.55e+02 2.5409e+00 1.2651e-01 6.3152e-01 3.8058e-02 4.4355e+00 1.9840e-01 5.0670e+00 2.3010e-01 3.2920e+01 1.4823e+00 1.5413e-01 6.2567e-02
1.60e+02 2.7852e+00 1.2478e-01 7.1605e-01 3.9347e-02 4.9333e+00 1.9549e-01 5.6494e+00 2.2794e-01 3.5871e+01 1.2344e+00 1.5758e-01 6.1134e-02
1.65e+02 3.0240e+00 1.2171e-01 8.0544e-01 4.0412e-02 5.4403e+00 1.9352e-01 6.2457e+00 2.2700e-01 3.8513e+01 1.1113e+00 1.6222e-01 5.9446e-02
1.70e+02 3.2473e+00 1.1776e-01 8.9908e-01 4.1350e-02 5.9446e+00 1.9172e-01 6.8437e+00 2.2633e-01 4.0739e+01 1.1009e+00 1.6803e-01 5.7411e-02
1.75e+02 3.4455e+00 1.1583e-01 9.9614e-01 4.2199e-02 6.4339e+00 1.9144e-01 7.4300e+00 2.2697e-01 4.2477e+01 1.1393e+00 1.7496e-01 5.4994e-02
1.80e+02 3.6135e+00 1.1689e-01 1.0956e+00 4.2987e-02 6.9004e+00 1.9350e-01 7.9960e+00 2.2970e-01 4.3965e+01 1.1766e+00 1.8192e-01 5.2572e-02
1.85e+02 3.7528e+00 1.1967e-01 1.1966e+00 4.3752e-02 7.3426e+00 1.9744e-01 8.5392e+00 2.3422e-01 4.5272e+01 1.2065e+00 1.8866e-01 5.0223e-02
1.90e+02 3.8651e+00 1.2309e-01 1.2982e+00 4.4530e-02 7.7597e+00 2.0270e-01 9.0580e+00 2.4013e-01 4.6406e+01 1.2289e+00 1.9523e-01 4.7937e-02
1.95e+02 3.9519e+00 1.2641e-01 1.3998e+00 4.5354e-02 8.1513e+00 2.0875e-01 9.5511e+00 2.4699e-01 4.7375e+01 1.2444e+00 2.0164e-01 4.5704e-02
2.00e+02 4.0151e+00 1.2918e-01 1.5007e+00 4.6248e-02 8.5172e+00 2.1516e-01 1.0018e+01 2.5440e-01 4.8187e+01 1.2537e+00 2.0792e-01 4.3518e-02
2.05e+02 4.0562e+00 1.3116e-01 1.6004e+00 4.7223e-02 8.8573e+00 2.2160e-01 1.0458e+01 2.6203e-01 4.8854e+01 1.2578e+00 2.1409e-01 4.1376e-02
2.10e+02 4.0769e+00 1.3225e-01 1.6984e+00 4.8284e-02 9.1722e+00 2.2779e-01 1.0871e+01 2.6960e-01 4.9387e+01 1.2580e+00 2.2014e-01 3.9275e-02
2.15e+02 4.0790e+00 1.3244e-01 1.7944e+00 4.9426e-02 9.4622e+00 2.3359e-01 1.1257e+01 2.7690e-01 4.9797e+01 1.2557e+00 2.2607e-01 3.7216e-02
2.20e+02 4.0640e+00 1.3180e-01 1.8880e+00 5.0638e-02 9.7282e+00 2.3888e-01 1.1616e+01 2.8381e-01 5.0099e+01 1.2522e+00 2.3189e-01 3.5201e-02
2.25e+02 4.0338e+00 1.3045e-01 1.9791e+00 5.1906e-02 9.9710e+00 2.4362e-01 1.1950e+01 2.9025e-01 5.0304e+01 1.2488e+00 2.3757e-01 3.3235e-02
2.30e+02 3.9899e+00 1.2851e-01 2.0673e+00 5.3214e-02 1.0192e+01 2.4783e-01 1.2259e+01 2.9616e-01 5.0429e+01 1.2466e+00 2.4311e-01 3.1325e-02
2.35e+02 3.9340e+00 1.2617e-01 2.1525e+00 5.4545e-02 1.0392e+01 2.5152e-01 1.2544e+01 3.0157e-01 5.0488e+01 1.2465e+00 2.4848e-01 2.9479e-02
2.40e+02 3.8679e+00 1.2359e-01 2.2346e+00 5.5883e-02 1.0572e+01 2.5477e-01 1.2806e+01 3.0650e-01 5.0496e+01 1.2492e+00 2.5363e-01 2.7709e-02
2.45e+02 3.7931e+00 1.2093e-01 2.3136e+00 5.7216e-02 1.0734e+01 2.5764e-01 1.3048e+01 3.1101e-01 5.0469e+01 1.2548e+00 2.5855e-01 2.6028e-02
2.50e+02 3.7115e+00 1.1838e-01 2.3895e+00 5.8530e-02 1.0880e+01 2.6023e-01 1.3269e+01 3.1516e-01 5.0424e+01 1.2632e+00 2.6318e-01 2.4452e-02
2.55e+02 3.6245e+00 1.1607e-01 2.4621e+00 5.9819e-02 1.1011e+01 2.6262e-01 1.3473e+01 3.1903e-01 5.0378e+01 1.2738e+00 2.6747e-01 2.2996e-02
2.60e+02 3.5340e+00 1.1410e-01 2.5316e+00 6.1073e-02 1.1129e+01 2.6488e-01 1.3660e+01 3.2269e-01 5.0347e+01 1.2857e+00 2.7136e-01 2.1679e-02
2.65e+02 3.4416e+00 1.1256e-01 2.5981e+00 6.2292e-02 1.1236e+01 2.6709e-01 1.3834e+01 3.2622e-01 5.0350e+01 1.2979e+00 2.7479e-01 2.0519e-02
2.70e+02 3.3490e+00 1.1145e-01 2.6615e+00 6.3471e-02 1.1334e+01 2.6931e-01 1.3995e+01 3.2966e-01 5.0404e+01 1.3092e+00 2.7769e-01 1.9534e-02
2.75e+02 3.2578e+00 1.1075e-01 2.7221e+00 6.4611e-02 1.1424e+01 2.7155e-01 1.4146e+01 3.3306e-01 5.0521e+01 1.3186e+00 2.8005e-01 1.8732e-02
2.80e+02 3.1691e+00 1.1038e-01 2.7800e+00 6.5714e-02 1.1509e+01 2.7383e-01 1.4289e+01 3.3644e-01 5.0644e+01 1.3262e+00 2.8219e-01 1.7998e-02
2.85e+02 3.0828e+00 1.1023e-01 2.8354e+00 6.6780e-02 1.1589e+01 2.7613e-01 1.4424e+01 3.3978e-01 5.0756e+01 1.3323e+00 2.8423e-01 1.7298e-02
2.90e+02 2.9989e+00 1.1022e-01 2.8882e+00 6.7813e-02 1.1664e+01 2.7840e-01 1.4552e+01 3.4306e-01 5.0857e+01 1.3367e+00 2.8617e-01 1.6631e-02
2.95e+02 2.9175e+00 1.1027e-01 2.9388e+00 6.8812e-02 1.1734e+01 2.8063e-01 1.4673e+01 3.4626e-01 5.0950e+01 1.3394e+00 2.8802e-01 1.5994e-02
3.00e+02 2.8383e+00 1.1032e-01 2.9872e+00 6.9782e-02 1.1800e+01 2.8280e-01 1.4787e+01 3.4936e-01 5.1036e+01 1.3405e+00 2.8978e-01 1.5387e-02
3.05e+02 2.7615e+00 1.1033e-01 3.0335e+00 7.0722e-02 1.1862e+01 2.8487e-01 1.4895e+01 3.5235e-01 5.1114e+01 1.3399e+00 2.9145e-01 1.4809e-02
3.10e+02 2.6869e+00 1.1025e-01 3.0778e+00 7.1634e-02 1.1920e+01 2.8683e-01 1.4998e+01 3.5521e-01 5.1186e+01 1.3378e+00 2.9304e-01 1.4257e-02
3.15e+02 2.6145e+00 1.1005e-01 3.1202e+00 7.2518e-02 1.1975e+01 2.8866e-01 1.5095e+01 3.5791e-01 5.1253e+01 1.3341e+00 2.9455e-01 1.3732e-02
3.20e+02 2.5443e+00 1.0971e-01 3.1608e+00 7.3377e-02 1.2027e+01 2.9035e-01 1.5188e+01 3.6045e-01 5.1316e+01 1.3290e+00 2.9599e-01 1.3233e-02
3.25e+02 2.4763e+00 1.0921e-01 3.1997e+00 7.4209e-02 1.2075e+01 2.9187e-01 1.5275e+01 3.6282e-01 5.1375e+01 1.3226e+00 2.9736e-01 1.2758e-02
3.30e+02 2.4103e+00 1.0856e-01 3.2370e+00 7.5014e-02 1.2121e+01 2.9323e-01 1.5358e+01 3.6500e-01 5.1430e+01 1.3149e+00 2.9865e-01 1.2307e-02
3.35e+02 2.3464e+00 1.0775e-01 3.2728e+00 7.5794e-02 1.2165e+01 2.9440e-01 1.5437e+01 3.6698e-01 5.1483e+01 1.3063e+00 2.9988e-01 1.1880e-02
3.40e+02 2.2845e+00 1.0677e-01 3.3071e+00 7.6548e-02 1.2206e+01 2.9539e-01 1.5513e+01 3.6875e-01 5.1534e+01 1.2967e+00 3.0104e-01 1.1476e-02
3.45e+02 2.2245e+00 1.0565e-01 3.3400e+00 7.7275e-02 1.2245e+01 2.9619e-01 1.5584e+01 3.7032e-01 5.1583e+01 1.2864e+00 3.0215e-01 1.1095e-02
3.50e+02 2.1665e+00 1.0438e-01 3.3716e+00 7.7975e-02 1.2281e+01 2.9681e-01 1.5653e+01 3.7168e-01 5.1630e+01 1.2756e+00 3.0319e-01 1.0737e-02
3.55e+02 2.1104e+00 1.0298e-01 3.4019e+00 7.8647e-02 1.2316e+01 2.9723e-01 1.5718e+01 3.7283e-01 5.1677e+01 1.2644e+00 3.0418e-01 1.0401e-02
3.60e+02 2.0561e+00 1.0148e-01 3.4310e+00 7.9292e-02 1.2349e+01 2.9747e-01 1.5780e+01 3.7376e-01 5.1722e+01 1.2531e+00 3.0511e-01 1.0086e-02
3.65e+02 2.0036e+00 9.9883e-02 3.4590e+00 7.9909e-02 1.2381e+01 2.9753e-01 1.5840e+01 3.7449e-01 5.1768e+01 1.2419e+00 3.0599e-01 9.7939e-03
3.70e+02 1.9529e+00 9.8223e-02 3.4860e+00 8.0497e-02 1.2411e+01 2.9741e-01 1.5897e+01 3.7502e-01 5.1813e+01 1.2309e+00 3.0682e-01 9.5230e-03
3.75e+02 1.9039e+00 9.6521e-02 3.5118e+00 8.1055e-02 1.2439e+01 2.9714e-01 1.5951e+01 3.7536e-01 5.1858e+01 1.2204e+00 3.0760e-01 9.2732e-03
3.80e+02 1.8566e+00 9.4807e-02 3.5367e+00 8.1585e-02 1.2467e+01 2.9670e-01 1.6004e+01 3.7551e-01 5.1904e+01 1.2106e+00 3.0834e-01 9.0442e-03
3.85e+02 1.8109e+00 9.3109e-02 3.5607e+00 8.2084e-02 1.2493e+01 2.9613e-01 1.6054e+01 3.7548e-01 5.1950e+01 1.2016e+00 3.0903e-01 8.8355e-03
3.90e+02 1.7669e+00 9.1458e-02 3.5838e+00 8.2554e-02 1.2518e+01 2.9543e-01 1.6102e+01 3.7529e-01 5.1997e+01 1.1938e+00 3.0968e-01 8.6466e-03
3.95e+02 1.7243e+00 8.9886e-02 3.6060e+00 8.2994e-02 1.2542e+01 2.9462e-01 1.6148e+01 3.7496e-01 5.2044e+01 1.1871e+00 3.1029e-01 8.4768e-03
4.00e+02 1.6833e+00 8.8425e-02 3.6275e+00 8.3404e-02 1.2566e+01 2.9371e-01 1.6193e+01 3.7448e-01 5.2092e+01 1.1818e+00 3.1087e-01 8.3254e-03
4.05e+02 1.6438e+00 8.7109e-02 3.6481e+00 8.3785e-02 1.2588e+01 2.9272e-01 1.6236e+01 3.7389e-01 5.2141e+01 1.1780e+00 3.1140e-01 8.1913e-03
4.10e+02 1.6057e+00 8.5967e-02 3.6681e+00 8.4137e-02 1.2610e+01 2.9166e-01 1.6278e+01 3.7319e-01 5.2191e+01 1.1758e+00 3.1191e-01 8.0736e-03
4.15e+02 1.5690e+00 8.5028e-02 3.6873e+00 8.4460e-02 1.2631e+01 2.9056e-01 1.6318e+01 3.7241e-01 5.2241e+01 1.1752e+00 3.1238e-01 7.9711e-03
4.20e+02 1.5337e+00 8.4318e-02 3.7059e+00 8.4755e-02 1.2651e+01 2.8943e-01 1.6357e+01 3.7156e-01 5.2293e+01 1.1763e+00 3.1282e-01 7.8826e-03
4.25e+02 1.4996e+00 8.3857e-02 3.7238e+00 8.5023e-02 1.2671e+01 2.8829e-01 1.6395e+01 3.7066e-01 5.2345e+01 1.1791e+00 3.1323e-01 7.8067e-03
4.30e+02 1.4669e+00 8.3660e-02 3.7412e+00 8.5264e-02 1.2690e+01 2.8716e-01 1.6432e+01 3.6973e-01 5.2397e+01 1.1834e+00 3.1362e-01 7.7419e-03
4.35e+02 1.4353e+00 8.3739e-02 3.7580e+00 8.5480e-02 1.2709e+01 2.8606e-01 1.6467e+01 3.6878e-01 5.2451e+01 1.1894e+00 3.1398e-01 7.6869e-03
4.40e+02 1.4050e+00 8.4094e-02 3.7742e+00 8.5670e-02 1.2728e+01 2.8500e-01 1.6502e+01 3.6783e-01 5.2505e+01 1.1968e+00 3.1432e-01 7.6400e-03
4.45e+02 1.3758e+00 8.4722e-02 3.7899e+00 8.5838e-02 1.2745e+01 2.8400e-01 1.6535e+01 3.6690e-01 5.2559e+01 1.2055e+00 3.1463e-01 7.5997e-03
4.50e+02 1.3477e+00 8.5612e-02 3.8051e+00 8.5983e-02 1.2763e+01 2.8307e-01 1.6568e+01 3.6601e-01 5.2614e+01 1.2154e+00 3.1493e-01 7.5644e-03
4.55e+02 1.3206e+00 8.6747e-02 3.8198e+00 8.6108e-02 1.2780e+01 2.8223e-01 1.6600e+01 3.6518e-01 5.2669e+01 1.2263e+00 3.1521e-01 7.5327e-03
4.60e+02 1.2946e+00 8.8107e-02 3.8341e+00 8.6213e-02 1.2797e+01 2.8149e-01 1.6631e+01 3.6441e-01 5.2724e+01 1.2380e+00 3.1548e-01 7.5030e-03
4.65e+02 1.2696e+00 8.9664e-02 3.8480e+00 8.6301e-02 1.2814e+01 2.8087e-01 1.6662e+01 3.6373e-01 5.2779e+01 1.2503e+00 3.1573e-01 7.4740e-03
4.70e+02 1.2455e+00 9.1391e-02 3.8614e+00 8.6372e-02 1.2830e+01 2.8037e-01 1.6691e+01 3.6313e-01 5.2834e+01 1.2630e+00 3.1597e-01 7.4442e-03
4.75e+02 1.2223e+00 9.3256e-02 3.8745e+00 8.6429e-02 1.2846e+01 2.8000e-01 1.6720e+01 3.6265e-01 5.2888e+01 1.2760e+00 3.1619e-01 7.4123e-03
4.80e+02 1.1999e+00 9.5227e-02 3.8872e+00 8.6473e-02 1.2862e+01 2.7976e-01 1.6749e+01 3.6227e-01 5.2942e+01 1.2890e+00 3.1641e-01 7.3773e-03
4.85e+02 1.1784e+00 9.7272e-02 3.8995e+00 8.6506e-02 1.2877e+01 2.7966e-01 1.6776e+01 3.6202e-01 5.2994e+01 1.3018e+00 3.1663e-01 7.3381e-03
4.90e+02 1.1577e+00 9.9358e-02 3.9115e+00 8.6529e-02 1.2892e+01 2.7969e-01 1.6804e+01 3.6189e-01 5.3046e+01 1.3143e+00 3.1683e-01 7.2936e-03
4.95e+02 1.1377e+00 1.0145e-01 3.9231e+00 8.6546e-02 1.2907e+01 2.7987e-01 1.6830e+01 3.6189e-01 5.3096e+01 1.3262e+00 3.1704e-01 7.2431e-03
5.00e+02 1.1184e+00 1.0353e-01 3.9345e+00 8.6554e-02 1.2922e+01 2.8018e-01 1.6856e+01 3.6202e-01 5.3144e+01 1.3375e+00 3.1724e-01 7.1859e-03
5.05e+02 1.0997e+00 1.0556e-01 3.9455e+00 8.6559e-02 1.2936e+01 2.8061e-01 1.6882e+01 3.6228e-01 5.3191e+01 1.3481e+00 3.1744e-01 7.1215e-03
5.10e+02 1.0817e+00 1.0751e-01 3.9563e+00 8.6561e-02 1.2950e+01 2.8117e-01 1.6907e+01 3.6267e-01 5.3235e+01 1.3578e+00 3.1764e-01 7.0496e-03
5.15e+02 1.0642e+00 1.0936e-01 3.9667e+00 8.6562e-02 1.2964e+01 2.8185e-01 1.6931e+01 3.6319e-01 5.3278e+01 1.3666e+00 3.1785e-01 6.9701e-03
5.20e+02 1.0472e+00 1.1108e-01 3.9769e+00 8.6563e-02 1.2978e+01 2.8263e-01 1.6955e+01 3.6382e-01 5.3317e+01 1.3745e+00 3.1806e-01 6.8832e-03
5.25e+02 1.0308e+00 1.1265e-01 3.9869e+00 8.6567e-02 1.2991e+01 2.8350e-01 1.6978e+01 3.6457e-01 5.3354e+01 1.3815e+00 3.1828e-01 6.7892e-03
5.30e+02 1.0148e+00 1.1406e-01 3.9966e+00 8.6573e-02 1.3004e+01 2.8445e-01 1.7001e+01 3.6542e-01 5.3387e+01 1.3878e+00 3.1851e-01 6.6891e-03
5.35e+02 9.9915e-01 1.1528e-01 4.0060e+00 8.6583e-02 1.3017e+01 2.8548e-01 1.7023e+01 3.6636e-01 5.3416e+01 1.3934e+00 3.1875e-01 6.5838e-03
5.40e+02 9.8390e-01 1.1630e-01 4.0152e+00 8.6600e-02 1.3030e+01 2.8656e-01 1.7045e+01 3.6739e-01 5.3442e+01 1.3986e+00 3.1900e-01 6.4751e-03
5.45e+02 9.6898e-01 1.1711e-01 4.0242e+00 8.6622e-02 1.3042e+01 2.8769e-01 1.7066e+01 3.6850e-01 5.3464e+01 1.4037e+00 3.1927e-01 6.3653e-03
5.50e+02 9.5435e-01 1.1769e-01 4.0330e+00 8.6653e-02 1.3053e+01 2.8885e-01 1.7086e+01 3.6968e-01 5.3481e+01 1.4091e+00 3.1955e-01 6.2571e-03
5.55e+02 9.3995e-01 1.1805e-01 4.0416e+00 8.6693e-02 1.3065e+01 2.9004e-01 1.7106e+01 3.7092e-01 5.3493e+01 1.4152e+00 3.1985e-01 6.1541e-03
5.60e+02 9.2576e-01 1.1818e-01 4.0500e+00 8.6742e-02 1.3076e+01 2.9125e-01 1.7126e+01 3.7221e-01 5.3500e+01 1.4227e+00 3.2017e-01 6.0610e-03
5.65e+02 9.1173e-01 1.1808e-01 4.0581e+00 8.6800e-02 1.3086e+01 2.9247e-01 1.7144e+01 3.7355e-01 5.3501e+01 1.4322e+00 3.2051e-01 5.9830e-03
5.70e+02 8.9781e-01 1.1776e-01 4.0661e+00 8.6872e-02 1.3096e+01 2.9370e-01 1.7162e+01 3.7493e-01 5.3497e+01 1.4445e+00 3.2087e-01 5.9266e-03
5.75e+02 8.8397e-01 1.1723e-01 4.0739e+00 8.6952e-02 1.3106e+01 2.9493e-01 1.7179e+01 3.7635e-01 5.3486e+01 1.4606e+00 3.2127e-01 5.8989e-03
5.80e+02 8.7017e-01 1.1652e-01 4.0815e+00 8.7044e-02 1.3115e+01 2.9618e-01 1.7196e+01 3.7781e-01 5.3468e+01 1.4814e+00 3.2169e-01 5.9079e-03
5.85e+02 8.5636e-01 1.1566e-01 4.0889e+00 8.7148e-02 1.3123e+01 2.9745e-01 1.7212e+01 3.7932e-01 5.3444e+01 1.5079e+00 3.2214e-01 5.9619e-03
5.90e+02 8.4251e-01 1.1469e-01 4.0961e+00 8.7264e-02 1.3131e+01 2.9875e-01 1.7227e+01 3.8089e-01 5.3412e+01 1.5413e+00 3.2262e-01 6.0693e-03
5.95e+02 8.2856e-01 1.1366e-01 4.1032e+00 8.7393e-02 1.3138e+01 3.0010e-01 1.7241e+01 3.8252e-01 5.3372e+01 1.5826e+00 3.2314e-01 6.2375e-03
6.00e+02 8.1449e-01 1.1264e-01 4.1100e+00 8.7534e-02 1.3145e+01 3.0153e-01 1.7255e+01 3.8425e-01 5.3324e+01 1.6330e+00 3.2370e-01 6.4731e-03
6.05e+02 8.0025e-01 1.1172e-01 4.1167e+00 8.7687e-02 1.3150e+01 3.0307e-01 1.7267e+01 3.8608e-01 5.3268e+01 1.6934e+00 3.2430e-01 6.7813e-03
6.10e+02 7.8580e-01 1.1100e-01 4.1233e+00 8.7853e-02 1.3156e+01 3.0475e-01 1.7279e+01 3.8807e-01 5.3202e+01 1.7648e+00 3.2494e-01 7.1657e-03
6.15e+02 7.7110e-01 1.1060e-01 4.1296e+00 8.8032e-02 1.3160e+01 3.0662e-01 1.7290e+01 3.9023e-01 5.3128e+01 1.8478e+00 3.2563e-01 7.6285e-03
6.20e+02 7.5611e-01 1.1065e-01 4.1358e+00 8.8224e-02 1.3164e+01 3.0875e-01 1.7299e+01 3.9262e-01 5.3043e+01 1.9431e+00 3.2636e-01 8.1710e-03
6.25e+02 7.4078e-01 1.1132e-01 4.1418e+00 8.8429e-02 1.3166e+01 3.1118e-01 1.7308e+01 3.9530e-01 5.2948e+01 2.0514e+00 3.2715e-01 8.7937e-03
6.30e+02 7.2507e-01 1.1275e-01 4.1477e+00 8.8648e-02 1.3168e+01 3.1400e-01 1.7316e+01 3.9832e-01 5.2843e+01 2.1728e+00 3.2800e-01 9.4968e-03
6.35e+02 7.0895e-01 1.1511e-01 4.1533e+00 8.8882e-02 1.3169e+01 3.1728e-01 1.7322e+01 4.0176e-01 5.2727e+01 2.3078e+00 3.2891e-01 1.0281e-02
6.40e+02 6.9238e-01 1.1854e-01 4.1588e+00 8.9132e-02 1.3169e+01 3.2112e-01 1.7328e+01 4.0569e-01 5.2599e+01 2.4565e+00 3.2988e-01 1.1146e-02
6.45e+02 6.7530e-01 1.2317e-01 4.1641e+00 8.9395e-02 1.3168e+01 3.2561e-01 1.7332e+01 4.1021e-01 5.2460e+01 2.6191e+00 3.3092e-01 1.2093e-02
6.50e+02 6.5768e-01 1.2910e-01 4.1693e+00 8.9678e-02 1.3166e+01 3.3085e-01 1.7335e+01 4.1541e-01 5.2308e+01 2.7956e+00 3.3203e-01 1.3125e-02
6.55e+02 6.3949e-01 1.3639e-01 4.1743e+00 8.9980e-02 1.3162e+01 3.3695e-01 1.7337e+01 4.2139e-01 5.2144e+01 2.9862e+00 3.3322e-01 1.4242e-02
6.60e+02 6.2067e-01 1.4509e-01 4.1791e+00 9.0303e-02 1.3158e+01 3.4403e-01 1.7337e+01 4.2826e-01 5.1966e+01 3.1909e+00 3.3449e-01 1.5450e-02
6.65e+02 6.0119e-01 1.5521e-01 4.1837e+00 9.0649e-02 1.3152e+01 3.5219e-01 1.7336e+01 4.3615e-01 5.1775e+01 3.4097e+00 3.3585e-01 1.6751e-02
