#T I dI P dP E dE S dS CV dCV cs dcs
1.25e+02 8.5955e-01 2.5899e-01 2.2611e-01 2.3120e-02 1.5379e+00 2.6812e-01 1.7640e+00 2.7501e-01 1.1953e+01 2.0070e+00 1.5364e-01 6.7518e-02
1.30e+02 1.0032e+00 1.7808e-01 2.6252e-01 2.4616e-02 1.7908e+00 2.1465e-01 2.0533e+00 2.3083e-01 1.4348e+01 1.5724e+00 1.4531e-01 5.8352e-02
1.35e+02 1.1851e+00 1.2324e-01 3.0365e-01 2.6955e-02 2.0960e+00 1.7652e-01 2.3997e+00 1.9847e-01 1.7480e+01 1.4625e+00 1.3837e-01 5.6840e-02
1.40e+02 1.4180e+00 9.4438e-02 3.5078e-01 2.8767e-02 2.4703e+00 1.5297e-01 2.8211e+00 1.7759e-01 2.1492e+01 1.4413e+00 1.3183e-01 5.7158e-02
1.45e+02 1.7149e+00 8.8527e-02 4.0551e-01 2.9918e-02 2.9314e+00 1.4328e-01 3.3369e+00 1.6835e-01 2.6533e+01 1.1732e+00 1.2595e-01 5.7981e-02
1.50e+02 2.0837e+00 8.4533e-02 4.6968e-01 3.0638e-02 3.4927e+00 1.3710e-01 3.9624e+00 1.6259e-01 3.2186e+01 8.4332e-01 1.2317e-01 5.8510e-02
1.55e+02 2.5001e+00 7.4761e-02 5.4471e-01 3.1114e-02 4.1342e+00 1.2847e-01 4.6789e+00 1.5497e-01 3.7299e+01 9.5792e-01 1.2551e-01 5.7842e-02
1.60e+02 2.9269e+00 6.8327e-02 6.3085e-01 3.1409e-02 4.8195e+00 1.2186e-01 5.4503e+00 1.4896e-01 4.1488e+01 1.1913e+00 1.3146e-01 5.6190e-02
1.65e+02 3.3270e+00 7.2428e-02 7.2716e-01 3.1567e-02 5.5085e+00 1.2219e-01 6.2357e+00 1.4881e-01 4.4369e+01 1.2368e+00 1.4062e-01 5.3616e-02
1.70e+02 3.6634e+00 7.9530e-02 8.3168e-01 3.1668e-02 6.1585e+00 1.2645e-01 6.9901e+00 1.5239e-01 4.5616e+01 1.0112e+00 1.5328e-01 5.0053e-02
1.75e+02 3.9162e+00 8.0484e-02 9.4171e-01 3.1777e-02 6.7413e+00 1.2796e-01 7.6830e+00 1.5398e-01 4.6201e+01 8.7765e-01 1.6633e-01 4.6439e-02
1.80e+02 4.0958e+00 7.7355e-02 1.0547e+00 3.1904e-02 7.2599e+00 1.2659e-01 8.3146e+00 1.5312e-01 4.6638e+01 9.4446e-01 1.7833e-01 4.3165e-02
1.85e+02 4.2158e+00 7.5373e-02 1.1687e+00 3.2026e-02 7.7218e+00 1.2539e-01 8.8905e+00 1.5223e-01 4.7037e+01 1.0526e+00 1.8908e-01 4.0240e-02
1.90e+02 4.2896e+00 7.7293e-02 1.2822e+00 3.2135e-02 8.1362e+00 1.2672e-01 9.4184e+00 1.5346e-01 4.7518e+01 1.0612e+00 1.9827e-01 3.7684e-02
1.95e+02 4.3307e+00 8.0756e-02 1.3942e+00 3.2254e-02 8.5133e+00 1.3005e-01 9.9075e+00 1.5665e-01 4.8136e+01 9.3411e-01 2.0586e-01 3.5506e-02
2.00e+02 4.3467e+00 8.2179e-02 1.5041e+00 3.2418e-02 8.8589e+00 1.3313e-01 1.0363e+01 1.5995e-01 4.8652e+01 8.1595e-01 2.1303e-01 3.3473e-02
2.05e+02 4.3404e+00 8.0705e-02 1.6114e+00 3.2644e-02 9.1746e+00 1.3479e-01 1.0786e+01 1.6223e-01 4.9046e+01 7.5615e-01 2.1993e-01 3.1555e-02
2.10e+02 4.3147e+00 7.7090e-02 1.7157e+00 3.2927e-02 9.4619e+00 1.3506e-01 1.1178e+01 1.6334e-01 4.9343e+01 7.7297e-01 2.2655e-01 2.9758e-02
2.15e+02 4.2724e+00 7.2921e-02 1.8168e+00 3.3249e-02 9.7227e+00 1.3467e-01 1.1539e+01 1.6380e-01 4.9567e+01 8.5272e-01 2.3284e-01 2.8085e-02
2.20e+02 4.2161e+00 7.0139e-02 1.9144e+00 3.3590e-02 9.9592e+00 1.3464e-01 1.1874e+01 1.6445e-01 4.9743e+01 9.6097e-01 2.3875e-01 2.6537e-02
2.25e+02 4.1487e+00 7.0329e-02 2.0084e+00 3.3935e-02 1.0174e+01 1.3595e-01 1.2182e+01 1.6614e-01 4.9897e+01 1.0641e+00 2.4422e-01 2.5110e-02
2.30e+02 4.0728e+00 7.3856e-02 2.0987e+00 3.4284e-02 1.0369e+01 1.3915e-01 1.2468e+01 1.6941e-01 5.0055e+01 1.1362e+00 2.4916e-01 2.3796e-02
2.35e+02 3.9913e+00 7.9624e-02 2.1855e+00 3.4643e-02 1.0548e+01 1.4408e-01 1.2733e+01 1.7425e-01 5.0246e+01 1.1575e+00 2.5350e-01 2.2592e-02
2.40e+02 3.9070e+00 8.5732e-02 2.2686e+00 3.5029e-02 1.0713e+01 1.4991e-01 1.2981e+01 1.8006e-01 5.0496e+01 1.1146e+00 2.5715e-01 2.1506e-02
2.45e+02 3.8218e+00 9.0497e-02 2.3483e+00 3.5456e-02 1.0867e+01 1.5554e-01 1.3215e+01 1.8589e-01 5.0749e+01 1.0424e+00 2.6045e-01 2.0497e-02
2.50e+02 3.7363e+00 9.3317e-02 2.4247e+00 3.5930e-02 1.1010e+01 1.6030e-01 1.3435e+01 1.9111e-01 5.0971e+01 9.6550e-01 2.6361e-01 1.9544e-02
2.55e+02 3.6507e+00 9.4104e-02 2.4978e+00 3.6450e-02 1.1144e+01 1.6386e-01 1.3642e+01 1.9535e-01 5.1166e+01 8.8846e-01 2.6664e-01 1.8648e-02
2.60e+02 3.5653e+00 9.2994e-02 2.5679e+00 3.7008e-02 1.1269e+01 1.6608e-01 1.3837e+01 1.9842e-01 5.1338e+01 8.1630e-01 2.6954e-01 1.7812e-02
2.65e+02 3.4803e+00 9.0250e-02 2.6350e+00 3.7588e-02 1.1385e+01 1.6697e-01 1.4020e+01 2.0027e-01 5.1490e+01 7.5426e-01 2.7230e-01 1.7039e-02
2.70e+02 3.3959e+00 8.6217e-02 2.6992e+00 3.8177e-02 1.1494e+01 1.6667e-01 1.4193e+01 2.0098e-01 5.1627e+01 7.0711e-01 2.7492e-01 1.6328e-02
2.75e+02 3.3124e+00 8.1292e-02 2.7608e+00 3.8752e-02 1.1595e+01 1.6537e-01 1.4356e+01 2.0067e-01 5.1752e+01 6.7778e-01 2.7740e-01 1.5677e-02
2.80e+02 3.2300e+00 7.5918e-02 2.8197e+00 3.9302e-02 1.1689e+01 1.6333e-01 1.4509e+01 1.9957e-01 5.1870e+01 6.6631e-01 2.7973e-01 1.5081e-02
2.85e+02 3.1490e+00 7.0564e-02 2.8762e+00 3.9811e-02 1.1778e+01 1.6082e-01 1.4654e+01 1.9790e-01 5.1983e+01 6.6943e-01 2.8191e-01 1.4533e-02
2.90e+02 3.0696e+00 6.5697e-02 2.9303e+00 4.0271e-02 1.1860e+01 1.5812e-01 1.4791e+01 1.9592e-01 5.2097e+01 6.8139e-01 2.8392e-01 1.4027e-02
2.95e+02 2.9921e+00 6.1727e-02 2.9821e+00 4.0679e-02 1.1938e+01 1.5550e-01 1.4920e+01 1.9388e-01 5.2214e+01 6.9564e-01 2.8578e-01 1.3553e-02
3.00e+02 2.9166e+00 5.8919e-02 3.0317e+00 4.1033e-02 1.2012e+01 1.5318e-01 1.5043e+01 1.9200e-01 5.2338e+01 7.0624e-01 2.8745e-01 1.3103e-02
3.05e+02 2.8435e+00 5.7313e-02 3.0793e+00 4.1337e-02 1.2081e+01 1.5134e-01 1.5161e+01 1.9047e-01 5.2468e+01 7.1111e-01 2.8898e-01 1.2672e-02
3.10e+02 2.7727e+00 5.6700e-02 3.1250e+00 4.1595e-02 1.2148e+01 1.4996e-01 1.5273e+01 1.8929e-01 5.2592e+01 7.1433e-01 2.9042e-01 1.2261e-02
3.15e+02 2.7042e+00 5.6802e-02 3.1688e+00 4.1815e-02 1.2211e+01 1.4899e-01 1.5379e+01 1.8846e-01 5.2713e+01 7.1626e-01 2.9178e-01 1.1868e-02
3.20e+02 2.6380e+00 5.7364e-02 3.2109e+00 4.2007e-02 1.2271e+01 1.4840e-01 1.5481e+01 1.8795e-01 5.2829e+01 7.1695e-01 2.9307e-01 1.1493e-02
3.25e+02 2.5740e+00 5.8170e-02 3.2513e+00 4.2172e-02 1.2328e+01 1.4810e-01 1.5579e+01 1.8770e-01 5.2941e+01 7.1670e-01 2.9429e-01 1.1136e-02
3.30e+02 2.5121e+00 5.9054e-02 3.2901e+00 4.2318e-02 1.2382e+01 1.4805e-01 1.5672e+01 1.8769e-01 5.3050e+01 7.1575e-01 2.9545e-01 1.0797e-02
3.35e+02 2.4523e+00 5.9897e-02 3.3274e+00 4.2450e-02 1.2434e+01 1.4820e-01 1.5762e+01 1.8787e-01 5.3155e+01 7.1442e-01 2.9654e-01 1.0475e-02
3.40e+02 2.3945e+00 6.0617e-02 3.3633e+00 4.2572e-02 1.2484e+01 1.4850e-01 1.5848e+01 1.8822e-01 5.3259e+01 7.1307e-01 2.9758e-01 1.0171e-02
3.45e+02 2.3387e+00 6.1164e-02 3.3979e+00 4.2689e-02 1.2532e+01 1.4891e-01 1.5930e+01 1.8870e-01 5.3360e+01 7.1205e-01 2.9855e-01 9.8838e-03
3.50e+02 2.2847e+00 6.1512e-02 3.4311e+00 4.2804e-02 1.2578e+01 1.4941e-01 1.6009e+01 1.8929e-01 5.3459e+01 7.1177e-01 2.9948e-01 9.6142e-03
3.55e+02 2.2327e+00 6.1657e-02 3.4632e+00 4.2919e-02 1.2622e+01 1.4997e-01 1.6085e+01 1.8997e-01 5.3556e+01 7.1263e-01 3.0036e-01 9.3621e-03
3.60e+02 2.1825e+00 6.1606e-02 3.4940e+00 4.3033e-02 1.2665e+01 1.5055e-01 1.6159e+01 1.9069e-01 5.3652e+01 7.1488e-01 3.0119e-01 9.1273e-03
3.65e+02 2.1340e+00 6.1381e-02 3.5238e+00 4.3156e-02 1.2705e+01 1.5118e-01 1.6229e+01 1.9149e-01 5.3745e+01 7.1904e-01 3.0198e-01 8.9096e-03
3.70e+02 2.0872e+00 6.1013e-02 3.5525e+00 4.3281e-02 1.2745e+01 1.5184e-01 1.6297e+01 1.9233e-01 5.3838e+01 7.2523e-01 3.0272e-01 8.7087e-03
3.75e+02 2.0420e+00 6.0540e-02 3.5802e+00 4.3413e-02 1.2783e+01 1.5252e-01 1.6363e+01 1.9322e-01 5.3929e+01 7.3367e-01 3.0343e-01 8.5243e-03
3.80e+02 1.9984e+00 6.0007e-02 3.6070e+00 4.3551e-02 1.2819e+01 1.5324e-01 1.6426e+01 1.9415e-01 5.4019e+01 7.4450e-01 3.0410e-01 8.3557e-03
3.85e+02 1.9563e+00 5.9463e-02 3.6328e+00 4.3696e-02 1.2855e+01 1.5400e-01 1.6488e+01 1.9514e-01 5.4107e+01 7.5774e-01 3.0474e-01 8.2023e-03
3.90e+02 1.9158e+00 5.8959e-02 3.6578e+00 4.3848e-02 1.2889e+01 1.5482e-01 1.6547e+01 1.9619e-01 5.4194e+01 7.7331e-01 3.0535e-01 8.0631e-03
3.95e+02 1.8766e+00 5.8549e-02 3.6820e+00 4.4007e-02 1.2922e+01 1.5571e-01 1.6604e+01 1.9732e-01 5.4280e+01 7.9107e-01 3.0592e-01 7.9371e-03
4.00e+02 1.8388e+00 5.8282e-02 3.7053e+00 4.4173e-02 1.2955e+01 1.5669e-01 1.6660e+01 1.9852e-01 5.4364e+01 8.1078e-01 3.0648e-01 7.8229e-03
4.05e+02 1.8023e+00 5.8205e-02 3.7279e+00 4.4344e-02 1.2986e+01 1.5777e-01 1.6714e+01 1.9981e-01 5.4446e+01 8.3216e-01 3.0701e-01 7.7191e-03
4.10e+02 1.7670e+00 5.8356e-02 3.7498e+00 4.4526e-02 1.3017e+01 1.5897e-01 1.6766e+01 2.0122e-01 5.4526e+01 8.5489e-01 3.0752e-01 7.6243e-03
4.15e+02 1.7330e+00 5.8763e-02 3.7711e+00 4.4713e-02 1.3046e+01 1.6030e-01 1.6817e+01 2.0275e-01 5.4604e+01 8.7854e-01 3.0801e-01 7.5366e-03
4.20e+02 1.7000e+00 5.9445e-02 3.7916e+00 4.4908e-02 1.3075e+01 1.6177e-01 1.6866e+01 2.0440e-01 5.4680e+01 9.0274e-01 3.0849e-01 7.4544e-03
4.25e+02 1.6682e+00 6.0403e-02 3.8115e+00 4.5110e-02 1.3103e+01 1.6339e-01 1.6914e+01 2.0620e-01 5.4754e+01 9.2704e-01 3.0895e-01 7.3758e-03
4.30e+02 1.6374e+00 6.1630e-02 3.8309e+00 4.5319e-02 1.3130e+01 1.6515e-01 1.6961e+01 2.0813e-01 5.4825e+01 9.5102e-01 3.0940e-01 7.2988e-03
4.35e+02 1.6075e+00 6.3105e-02 3.8496e+00 4.5537e-02 1.3156e+01 1.6707e-01 1.7006e+01 2.1020e-01 5.4893e+01 9.7424e-01 3.0985e-01 7.2217e-03
4.40e+02 1.5786e+00 6.4795e-02 3.8678e+00 4.5763e-02 1.3182e+01 1.6913e-01 1.7050e+01 2.1241e-01 5.4958e+01 9.9627e-01 3.1028e-01 7.1425e-03
4.45e+02 1.5506e+00 6.6662e-02 3.8855e+00 4.5997e-02 1.3207e+01 1.7133e-01 1.7093e+01 2.1475e-01 5.5019e+01 1.0167e+00 3.1071e-01 7.0595e-03
4.50e+02 1.5233e+00 6.8662e-02 3.9027e+00 4.6241e-02 1.3231e+01 1.7365e-01 1.7134e+01 2.1722e-01 5.5077e+01 1.0351e+00 3.1114e-01 6.9708e-03
4.55e+02 1.4968e+00 7.0746e-02 3.9194e+00 4.6493e-02 1.3255e+01 1.7606e-01 1.7174e+01 2.1979e-01 5.5130e+01 1.0511e+00 3.1157e-01 6.8748e-03
4.60e+02 1.4710e+00 7.2867e-02 3.9356e+00 4.6756e-02 1.3278e+01 1.7856e-01 1.7213e+01 2.2245e-01 5.5179e+01 1.0643e+00 3.1200e-01 6.7700e-03
4.65e+02 1.4458e+00 7.4974e-02 3.9513e+00 4.7032e-02 1.3300e+01 1.8112e-01 1.7251e+01 2.2520e-01 5.5224e+01 1.0744e+00 3.1244e-01 6.6550e-03
4.70e+02 1.4212e+00 7.7020e-02 3.9667e+00 4.7307e-02 1.3321e+01 1.8366e-01 1.7288e+01 2.2793e-01 5.5263e+01 1.0810e+00 3.1288e-01 6.5287e-03
4.75e+02 1.3972e+00 7.8955e-02 3.9816e+00 4.7602e-02 1.3342e+01 1.8623e-01 1.7324e+01 2.3072e-01 5.5297e+01 1.0840e+00 3.1333e-01 6.3901e-03
4.80e+02 1.3736e+00 8.0737e-02 3.9961e+00 4.7904e-02 1.3362e+01 1.8875e-01 1.7358e+01 2.3347e-01 5.5325e+01 1.0830e+00 3.1379e-01 6.2388e-03
4.85e+02 1.3504e+00 8.2322e-02 4.0102e+00 4.8215e-02 1.3381e+01 1.9118e-01 1.7391e+01 2.3616e-01 5.5347e+01 1.0779e+00 3.1427e-01 6.0745e-03
4.90e+02 1.3276e+00 8.3671e-02 4.0239e+00 4.8535e-02 1.3399e+01 1.9348e-01 1.7423e+01 2.3876e-01 5.5362e+01 1.0688e+00 3.1476e-01 5.8981e-03
4.95e+02 1.3051e+00 8.4757e-02 4.0373e+00 4.8862e-02 1.3417e+01 1.9564e-01 1.7454e+01 2.4123e-01 5.5373e+01 1.0578e+00 3.1525e-01 5.7224e-03
5.00e+02 1.2829e+00 8.5581e-02 4.0503e+00 4.9193e-02 1.3434e+01 1.9763e-01 1.7484e+01 2.4355e-01 5.5384e+01 1.0462e+00 3.1573e-01 5.5536e-03
5.05e+02 1.2611e+00 8.6150e-02 4.0630e+00 4.9536e-02 1.3450e+01 1.9946e-01 1.7513e+01 2.4574e-01 5.5393e+01 1.0342e+00 3.1620e-01 5.3926e-03
5.10e+02 1.2396e+00 8.6475e-02 4.0753e+00 4.9880e-02 1.3465e+01 2.0111e-01 1.7541e+01 2.4776e-01 5.5400e+01 1.0220e+00 3.1665e-01 5.2403e-03
5.15e+02 1.2183e+00 8.6569e-02 4.0873e+00 5.0228e-02 1.3480e+01 2.0258e-01 1.7567e+01 2.4962e-01 5.5406e+01 1.0097e+00 3.1710e-01 5.0978e-03
5.20e+02 1.1974e+00 8.6449e-02 4.0990e+00 5.0578e-02 1.3494e+01 2.0386e-01 1.7593e+01 2.5131e-01 5.5412e+01 9.9761e-01 3.1753e-01 4.9658e-03
5.25e+02 1.1768e+00 8.6132e-02 4.1103e+00 5.0929e-02 1.3508e+01 2.0497e-01 1.7618e+01 2.5282e-01 5.5416e+01 9.8584e-01 3.1795e-01 4.8451e-03
5.30e+02 1.1566e+00 8.5637e-02 4.1214e+00 5.1279e-02 1.3521e+01 2.0590e-01 1.7642e+01 2.5417e-01 5.5419e+01 9.7460e-01 3.1837e-01 4.7365e-03
5.35e+02 1.1366e+00 8.4986e-02 4.1321e+00 5.1627e-02 1.3533e+01 2.0667e-01 1.7665e+01 2.5535e-01 5.5421e+01 9.6407e-01 3.1877e-01 4.6405e-03
5.40e+02 1.1169e+00 8.4201e-02 4.1426e+00 5.1972e-02 1.3545e+01 2.0727e-01 1.7687e+01 2.5636e-01 5.5423e+01 9.5440e-01 3.1916e-01 4.5574e-03
5.45e+02 1.0976e+00 8.3305e-02 4.1528e+00 5.2313e-02 1.3556e+01 2.0771e-01 1.7709e+01 2.5721e-01 5.5423e+01 9.4573e-01 3.1954e-01 4.4873e-03
5.50e+02 1.0785e+00 8.2324e-02 4.1628e+00 5.2649e-02 1.3567e+01 2.0801e-01 1.7730e+01 2.5791e-01 5.5423e+01 9.3819e-01 3.1991e-01 4.4303e-03
5.55e+02 1.0598e+00 8.1281e-02 4.1724e+00 5.2977e-02 1.3577e+01 2.0817e-01 1.7750e+01 2.5847e-01 5.5423e+01 9.3188e-01 3.2028e-01 4.3859e-03
5.60e+02 1.0413e+00 8.0203e-02 4.1819e+00 5.3298e-02 1.3587e+01 2.0821e-01 1.7769e+01 2.5888e-01 5.5422e+01 9.2686e-01 3.2063e-01 4.3537e-03
5.65e+02 1.0232e+00 7.9116e-02 4.1910e+00 5.3611e-02 1.3596e+01 2.0813e-01 1.7787e+01 2.5916e-01 5.5421e+01 9.2316e-01 3.2097e-01 4.3328e-03
5.70e+02 1.0053e+00 7.8046e-02 4.2000e+00 5.3915e-02 1.3605e+01 2.0795e-01 1.7805e+01 2.5933e-01 5.5420e+01 9.2080e-01 3.2130e-01 4.3223e-03
5.75e+02 9.8777e-01 7.7019e-02 4.2087e+00 5.4206e-02 1.3614e+01 2.0767e-01 1.7822e+01 2.5938e-01 5.5418e+01 9.1972e-01 3.2162e-01 4.3211e-03
5.80e+02 9.7053e-01 7.6059e-02 4.2171e+00 5.4490e-02 1.3622e+01 2.0733e-01 1.7839e+01 2.5935e-01 5.5416e+01 9.1991e-01 3.2194e-01 4.3277e-03
5.85e+02 9.5358e-01 7.5190e-02 4.2254e+00 5.4761e-02 1.3630e+01 2.0691e-01 1.7855e+01 2.5922e-01 5.5414e+01 9.2123e-01 3.2224e-01 4.3407e-03
5.90e+02 9.3692e-01 7.4433e-02 4.2335e+00 5.5019e-02 1.3637e+01 2.0645e-01 1.7871e+01 2.5901e-01 5.5412e+01 9.2356e-01 3.2253e-01 4.3587e-03
5.95e+02 9.2056e-01 7.3805e-02 4.2413e+00 5.5262e-02 1.3644e+01 2.0593e-01 1.7886e+01 2.5874e-01 5.5410e+01 9.2678e-01 3.2282e-01 4.3802e-03
6.00e+02 9.0449e-01 7.3323e-02 4.2489e+00 5.5498e-02 1.3651e+01 2.0540e-01 1.7900e+01 2.5842e-01 5.5408e+01 9.3069e-01 3.2309e-01 4.4036e-03
6.05e+02 8.8872e-01 7.2997e-02 4.2564e+00 5.5717e-02 1.3658e+01 2.0483e-01 1.7914e+01 2.5804e-01 5.5406e+01 9.3510e-01 3.2336e-01 4.4273e-03
6.10e+02 8.7323e-01 7.2835e-02 4.2636e+00 5.5925e-02 1.3664e+01 2.0427e-01 1.7928e+01 2.5763e-01 5.5404e+01 9.3982e-01 3.2361e-01 4.4500e-03
6.15e+02 8.5803e-01 7.2838e-02 4.2707e+00 5.6123e-02 1.3670e+01 2.0371e-01 1.7941e+01 2.5721e-01 5.5403e+01 9.4465e-01 3.2386e-01 4.4702e-03
6.20e+02 8.4313e-01 7.3004e-02 4.2776e+00 5.6305e-02 1.3676e+01 2.0314e-01 1.7953e+01 2.5676e-01 5.5402e+01 9.4933e-01 3.2409e-01 4.4866e-03
6.25e+02 8.2851e-01 7.3325e-02 4.2843e+00 5.6477e-02 1.3681e+01 2.0260e-01 1.7966e+01 2.5631e-01 5.5401e+01 9.5368e-01 3.2432e-01 4.4981e-03
6.30e+02 8.1417e-01 7.3791e-02 4.2908e+00 5.6635e-02 1.3687e+01 2.0208e-01 1.7977e+01 2.5586e-01 5.5401e+01 9.5746e-01 3.2454e-01 4.5033e-03
6.35e+02 8.0012e-01 7.4386e-02 4.2972e+00 5.6782e-02 1.3692e+01 2.0158e-01 1.7989e+01 2.5540e-01 5.5401e+01 9.6045e-01 3.2474e-01 4.5015e-03
6.40e+02 7.8635e-01 7.5092e-02 4.3034e+00 5.6916e-02 1.3697e+01 2.0111e-01 1.8000e+01 2.5496e-01 5.5402e+01 9.6246e-01 3.2494e-01 4.4916e-03
6.45e+02 7.7287e-01 7.5887e-02 4.3095e+00 5.7040e-02 1.3701e+01 2.0066e-01 1.8011e+01 2.5452e-01 5.5403e+01 9.6330e-01 3.2513e-01 4.4730e-03
6.50e+02 7.5966e-01 7.6749e-02 4.3154e+00 5.7152e-02 1.3706e+01 2.0025e-01 1.8021e+01 2.5410e-01 5.5404e+01 9.6283e-01 3.2531e-01 4.4451e-03
6.55e+02 7.4674e-01 7.7652e-02 4.3212e+00 5.7268e-02 1.3710e+01 1.9989e-01 1.8031e+01 2.5374e-01 5.5406e+01 9.6102e-01 3.2548e-01 4.4075e-03
6.60e+02 7.3409e-01 7.8571e-02 4.3268e+00 5.7346e-02 1.3715e+01 1.9947e-01 1.8041e+01 2.5327e-01 5.5409e+01 9.5718e-01 3.2564e-01 4.3600e-03
6.65e+02 7.2172e-01 7.9482e-02 4.3323e+00 5.7434e-02 1.3719e+01 1.9913e-01 1.8051e+01 2.5290e-01 5.5413e+01 9.5192e-01 3.2579e-01 4.3029e-03
6.70e+02 7.0963e-01 8.0359e-02 4.3377e+00 5.7509e-02 1.3723e+01 1.9878e-01 1.8060e+01 2.5251e-01 5.5417e+01 9.4487e-01 3.2593e-01 4.2364e-03
6.75e+02 6.9781e-01 8.1178e-02 4.3429e+00 5.7575e-02 1.3727e+01 1.9844e-01 1.8069e+01 2.5212e-01 5.5422e+01 9.3608e-01 3.2607e-01 4.1615e-03
6.80e+02 6.8626e-01 8.1914e-02 4.3480e+00 5.7636e-02 1.3730e+01 1.9809e-01 1.8078e+01 2.5174e-01 5.5428e+01 9.2563e-01 3.2619e-01 4.0794e-03
6.85e+02 6.7499e-01 8.2546e-02 4.3530e+00 5.7686e-02 1.3734e+01 1.9773e-01 1.8087e+01 2.5133e-01 5.5435e+01 9.1361e-01 3.2631e-01 3.9920e-03
6.90e+02 6.6399e-01 8.3052e-02 4.3579e+00 5.7733e-02 1.3738e+01 1.9735e-01 1.8095e+01 2.5092e-01 5.5442e+01 9.0030e-01 3.2641e-01 3.9020e-03
6.95e+02 6.5325e-01 8.3415e-02 4.3626e+00 5.7774e-02 1.3741e+01 1.9694e-01 1.8104e+01 2.5049e-01 5.5451e+01 8.8606e-01 3.2651e-01 3.8127e-03
7.00e+02 6.4279e-01 8.3615e-02 4.3673e+00 5.7807e-02 1.3745e+01 1.9648e-01 1.8112e+01 2.5002e-01 5.5460e+01 8.7135e-01 3.2660e-01 3.7288e-03
7.05e+02 6.3259e-01 8.3641e-02 4.3718e+00 5.7837e-02 1.3748e+01 1.9597e-01 1.8120e+01 2.4951e-01 5.5471e+01 8.5686e-01 3.2668e-01 3.6559e-03
7.10e+02 6.2266e-01 8.3478e-02 4.3762e+00 5.7861e-02 1.3751e+01 1.9541e-01 1.8128e+01 2.4896e-01 5.5482e+01 8.4343e-01 3.2675e-01 3.6011e-03
7.15e+02 6.1299e-01 8.3120e-02 4.3806e+00 5.7881e-02 1.3755e+01 1.9478e-01 1.8135e+01 2.4836e-01 5.5494e+01 8.3216e-01 3.2682e-01 3.5722e-03
7.20e+02 6.0359e-01 8.2561e-02 4.3848e+00 5.7897e-02 1.3758e+01 1.9408e-01 1.8143e+01 2.4771e-01 5.5508e+01 8.2437e-01 3.2687e-01 3.5781e-03
7.25e+02 5.9444e-01 8.1803e-02 4.3890e+00 5.7909e-02 1.3761e+01 1.9331e-01 1.8150e+01 2.4700e-01 5.5522e+01 8.2161e-01 3.2692e-01 3.6275e-03
7.30e+02 5.8556e-01 8.0851e-02 4.3930e+00 5.7917e-02 1.3765e+01 1.9247e-01 1.8158e+01 2.4623e-01 5.5538e+01 8.2559e-01 3.2697e-01 3.7284e-03
7.35e+02 5.7694e-01 7.9720e-02 4.3970e+00 5.7921e-02 1.3768e+01 1.9156e-01 1.8165e+01 2.4542e-01 5.5554e+01 8.3809e-01 3.2700e-01 3.8873e-03
7.40e+02 5.6858e-01 7.8433e-02 4.4009e+00 5.7923e-02 1.3771e+01 1.9060e-01 1.8172e+01 2.4456e-01 5.5572e+01 8.6080e-01 3.2703e-01 4.1082e-03
7.45e+02 5.6047e-01 7.7025e-02 4.4047e+00 5.7921e-02 1.3774e+01 1.8960e-01 1.8179e+01 2.4366e-01 5.5591e+01 8.9520e-01 3.2706e-01 4.3927e-03
7.50e+02 5.5263e-01 7.5544e-02 4.4084e+00 5.7916e-02 1.3778e+01 1.8857e-01 1.8186e+01 2.4275e-01 5.5611e+01 9.4241e-01 3.2707e-01 4.7406e-03
7.55e+02 5.4503e-01 7.4056e-02 4.4120e+00 5.7908e-02 1.3781e+01 1.8756e-01 1.8193e+01 2.4184e-01 5.5632e+01 1.0031e+00 3.2709e-01 5.1504e-03
7.60e+02 5.3769e-01 7.2650e-02 4.4156e+00 5.7897e-02 1.3785e+01 1.8659e-01 1.8200e+01 2.4097e-01 5.5655e+01 1.0777e+00 3.2710e-01 5.6197e-03
7.65e+02 5.3060e-01 7.1435e-02 4.4191e+00 5.7884e-02 1.3788e+01 1.8571e-01 1.8207e+01 2.4017e-01 5.5678e+01 1.1660e+00 3.2710e-01 6.1459e-03
7.70e+02 5.2376e-01 7.0549e-02 4.4225e+00 5.7868e-02 1.3791e+01 1.8498e-01 1.8214e+01 2.3950e-01 5.5703e+01 1.2680e+00 3.2710e-01 6.7267e-03
7.75e+02 5.1718e-01 7.0150e-02 4.4259e+00 5.7851e-02 1.3795e+01 1.8447e-01 1.8221e+01 2.3900e-01 5.5729e+01 1.3833e+00 3.2710e-01 7.3599e-03
7.80e+02 5.1084e-01 7.0416e-02 4.4292e+00 5.7831e-02 1.3799e+01 1.8426e-01 1.8228e+01 2.3874e-01 5.5757e+01 1.5116e+00 3.2710e-01 8.0438e-03
7.85e+02 5.0475e-01 7.1528e-02 4.4325e+00 5.7810e-02 1.3802e+01 1.8445e-01 1.8235e+01 2.3880e-01 5.5786e+01 1.6526e+00 3.2709e-01 8.7772e-03
7.90e+02 4.9890e-01 7.3656e-02 4.4357e+00 5.7788e-02 1.3806e+01 1.8514e-01 1.8242e+01 2.3928e-01 5.5816e+01 1.8060e+00 3.2709e-01 9.5589e-03
7.95e+02 4.9330e-01 7.6939e-02 4.4388e+00 5.7766e-02 1.3810e+01 1.8645e-01 1.8248e+01 2.4026e-01 5.5847e+01 1.9716e+00 3.2709e-01 1.0388e-02
8.00e+02 4.8794e-01 8.1471e-02 4.4419e+00 5.7748e-02 1.3813e+01 1.8851e-01 1.8255e+01 2.4188e-01 5.5875e+01 2.1370e+00 3.2711e-01 1.1193e-02
