#T I dI P dP E dE S dS CV dCV cs dcs
1.20e+02 8.2049e-01 1.1498e-01 1.4492e-01 2.2260e-02 1.2552e+00 1.3297e-01 1.4001e+00 1.4543e-01 8.1634e+00 2.4383e+00 1.9197e-01 9.0199e-02
1.25e+02 8.6889e-01 1.0601e-01 1.7924e-01 2.2684e-02 1.4066e+00 1.3573e-01 1.5859e+00 1.5125e-01 1.0021e+01 2.3665e+00 1.6756e-01 6.4038e-02
1.30e+02 9.6969e-01 1.1930e-01 2.1509e-01 2.3650e-02 1.6149e+00 1.5368e-01 1.8300e+00 1.7025e-01 1.2831e+01 1.9583e+00 1.4507e-01 5.4381e-02
1.35e+02 1.1382e+00 1.0792e-01 2.5462e-01 2.4973e-02 1.9020e+00 1.5077e-01 2.1567e+00 1.7007e-01 1.6479e+01 1.3935e+00 1.3183e-01 5.6035e-02
1.40e+02 1.3699e+00 8.1848e-02 3.0003e-01 2.6102e-02 2.2700e+00 1.2828e-01 2.5700e+00 1.4977e-01 2.0451e+01 2.0035e+00 1.2691e-01 5.7294e-02
1.45e+02 1.6529e+00 8.5878e-02 3.5290e-01 2.6625e-02 2.7116e+00 1.2272e-01 3.0645e+00 1.4303e-01 2.4641e+01 1.5676e+00 1.2480e-01 5.6441e-02
1.50e+02 1.9779e+00 8.1834e-02 4.1430e-01 2.6803e-02 3.2207e+00 1.1711e-01 3.6350e+00 1.3758e-01 2.9219e+01 1.8604e+00 1.2490e-01 5.6481e-02
1.55e+02 2.3496e+00 8.8227e-02 4.8507e-01 2.6913e-02 3.8048e+00 1.2245e-01 4.2899e+00 1.4246e-01 3.4618e+01 1.7405e+00 1.2417e-01 5.6238e-02
1.60e+02 2.7718e+00 8.8044e-02 5.6623e-01 2.7119e-02 4.4705e+00 1.2558e-01 5.0367e+00 1.4624e-01 4.0227e+01 1.1884e+00 1.2529e-01 5.5751e-02
1.65e+02 3.2104e+00 7.5455e-02 6.5825e-01 2.7405e-02 5.1852e+00 1.1815e-01 5.8435e+00 1.4043e-01 4.4590e+01 1.5151e+00 1.3119e-01 5.4253e-02
1.70e+02 3.6174e+00 7.2572e-02 7.6028e-01 2.7648e-02 5.8982e+00 1.1540e-01 6.6585e+00 1.3805e-01 4.7195e+01 1.3901e+00 1.4118e-01 5.1518e-02
1.75e+02 3.9455e+00 6.7723e-02 8.7011e-01 2.7836e-02 6.5558e+00 1.1215e-01 7.4259e+00 1.3543e-01 4.7800e+01 9.2980e-01 1.5541e-01 4.7679e-02
1.80e+02 4.1793e+00 5.1590e-02 9.8474e-01 2.7985e-02 7.1335e+00 1.0204e-01 8.1182e+00 1.2699e-01 4.8014e+01 1.3538e+00 1.6922e-01 4.4188e-02
1.85e+02 4.3383e+00 4.9454e-02 1.1016e+00 2.8063e-02 7.6430e+00 9.9084e-02 8.7445e+00 1.2420e-01 4.8352e+01 1.3757e+00 1.8098e-01 4.1034e-02
1.90e+02 4.4439e+00 5.4318e-02 1.2188e+00 2.8102e-02 8.1002e+00 1.0172e-01 9.3189e+00 1.2638e-01 4.8975e+01 8.8675e-01 1.9033e-01 3.8343e-02
1.95e+02 4.5104e+00 4.8797e-02 1.3351e+00 2.8164e-02 8.5158e+00 1.0014e-01 9.8509e+00 1.2550e-01 4.9459e+01 1.2069e+00 1.9928e-01 3.6145e-02
2.00e+02 4.5397e+00 5.0998e-02 1.4498e+00 2.8253e-02 8.8890e+00 1.0241e-01 1.0339e+01 1.2770e-01 4.9613e+01 1.2631e+00 2.0850e-01 3.3700e-02
2.05e+02 4.5335e+00 5.9943e-02 1.5619e+00 2.8377e-02 9.2190e+00 1.0894e-01 1.0781e+01 1.3359e-01 4.9549e+01 1.0226e+00 2.1764e-01 3.1106e-02
2.10e+02 4.4962e+00 6.5593e-02 1.6707e+00 2.8553e-02 9.5083e+00 1.1452e-01 1.1179e+01 1.3897e-01 4.9379e+01 8.0400e-01 2.2642e-01 2.8666e-02
2.15e+02 4.4331e+00 6.6103e-02 1.7758e+00 2.8784e-02 9.7606e+00 1.1711e-01 1.1536e+01 1.4193e-01 4.9150e+01 6.4813e-01 2.3473e-01 2.6418e-02
2.20e+02 4.3495e+00 6.2490e-02 1.8768e+00 2.9052e-02 9.9799e+00 1.1672e-01 1.1857e+01 1.4226e-01 4.8908e+01 5.9363e-01 2.4244e-01 2.4397e-02
2.25e+02 4.2503e+00 5.6726e-02 1.9735e+00 2.9326e-02 1.0171e+01 1.1430e-01 1.2144e+01 1.4067e-01 4.8703e+01 6.2943e-01 2.4938e-01 2.2631e-02
2.30e+02 4.1409e+00 5.1167e-02 2.0657e+00 2.9576e-02 1.0338e+01 1.1122e-01 1.2404e+01 1.3827e-01 4.8585e+01 6.9388e-01 2.5533e-01 2.1134e-02
2.35e+02 4.0264e+00 4.7856e-02 2.1535e+00 2.9782e-02 1.0487e+01 1.0868e-01 1.2641e+01 1.3613e-01 4.8607e+01 7.3016e-01 2.6010e-01 1.9908e-02
2.40e+02 3.9120e+00 4.7309e-02 2.2371e+00 2.9943e-02 1.0623e+01 1.0733e-01 1.2860e+01 1.3491e-01 4.8822e+01 7.0424e-01 2.6345e-01 1.8966e-02
2.45e+02 3.8021e+00 4.8092e-02 2.3166e+00 3.0069e-02 1.0752e+01 1.0702e-01 1.3069e+01 1.3460e-01 4.9157e+01 6.3927e-01 2.6588e-01 1.8229e-02
2.50e+02 3.6973e+00 4.8661e-02 2.3924e+00 3.0176e-02 1.0874e+01 1.0713e-01 1.3267e+01 1.3474e-01 4.9478e+01 5.8339e-01 2.6815e-01 1.7559e-02
2.55e+02 3.5975e+00 4.8360e-02 2.4646e+00 3.0275e-02 1.0991e+01 1.0723e-01 1.3456e+01 1.3498e-01 4.9782e+01 5.4510e-01 2.7031e-01 1.6950e-02
2.60e+02 3.5021e+00 4.7111e-02 2.5335e+00 3.0374e-02 1.1103e+01 1.0715e-01 1.3636e+01 1.3512e-01 5.0069e+01 5.3087e-01 2.7236e-01 1.6397e-02
2.65e+02 3.4109e+00 4.5174e-02 2.5994e+00 3.0477e-02 1.1209e+01 1.0689e-01 1.3808e+01 1.3516e-01 5.0338e+01 5.4211e-01 2.7432e-01 1.5891e-02
2.70e+02 3.3235e+00 4.3018e-02 2.6623e+00 3.0584e-02 1.1310e+01 1.0659e-01 1.3973e+01 1.3518e-01 5.0588e+01 5.7373e-01 2.7622e-01 1.5421e-02
2.75e+02 3.2395e+00 4.1216e-02 2.7225e+00 3.0698e-02 1.1407e+01 1.0647e-01 1.4130e+01 1.3534e-01 5.0817e+01 6.1678e-01 2.7807e-01 1.4975e-02
2.80e+02 3.1586e+00 4.0317e-02 2.7801e+00 3.0814e-02 1.1499e+01 1.0671e-01 1.4279e+01 1.3579e-01 5.1024e+01 6.6157e-01 2.7988e-01 1.4538e-02
2.85e+02 3.0805e+00 4.0655e-02 2.8354e+00 3.0932e-02 1.1587e+01 1.0745e-01 1.4422e+01 1.3664e-01 5.1206e+01 6.9951e-01 2.8167e-01 1.4096e-02
2.90e+02 3.0048e+00 4.2194e-02 2.8883e+00 3.1056e-02 1.1670e+01 1.0875e-01 1.4558e+01 1.3796e-01 5.1363e+01 7.2358e-01 2.8346e-01 1.3634e-02
2.95e+02 2.9311e+00 4.4543e-02 2.9390e+00 3.1186e-02 1.1748e+01 1.1051e-01 1.4687e+01 1.3969e-01 5.1491e+01 7.2812e-01 2.8527e-01 1.3142e-02
3.00e+02 2.8591e+00 4.7110e-02 2.9877e+00 3.1324e-02 1.1822e+01 1.1253e-01 1.4810e+01 1.4167e-01 5.1589e+01 7.0946e-01 2.8710e-01 1.2613e-02
3.05e+02 2.7885e+00 4.9353e-02 3.0343e+00 3.1472e-02 1.1892e+01 1.1456e-01 1.4926e+01 1.4369e-01 5.1671e+01 6.8143e-01 2.8889e-01 1.2088e-02
3.10e+02 2.7194e+00 5.1022e-02 3.0791e+00 3.1632e-02 1.1957e+01 1.1642e-01 1.5036e+01 1.4562e-01 5.1743e+01 6.5179e-01 2.9061e-01 1.1586e-02
3.15e+02 2.6517e+00 5.2020e-02 3.1221e+00 3.1803e-02 1.2018e+01 1.1800e-01 1.5140e+01 1.4734e-01 5.1806e+01 6.2175e-01 2.9226e-01 1.1110e-02
3.20e+02 2.5854e+00 5.2336e-02 3.1633e+00 3.1983e-02 1.2075e+01 1.1924e-01 1.5239e+01 1.4879e-01 5.1863e+01 5.9256e-01 2.9384e-01 1.0659e-02
3.25e+02 2.5206e+00 5.2007e-02 3.2029e+00 3.2172e-02 1.2129e+01 1.2012e-01 1.5332e+01 1.4992e-01 5.1913e+01 5.6551e-01 2.9535e-01 1.0236e-02
3.30e+02 2.4572e+00 5.1105e-02 3.2409e+00 3.2366e-02 1.2180e+01 1.2061e-01 1.5421e+01 1.5072e-01 5.1957e+01 5.4177e-01 2.9680e-01 9.8396e-03
3.35e+02 2.3953e+00 4.9721e-02 3.2774e+00 3.2562e-02 1.2227e+01 1.2076e-01 1.5505e+01 1.5120e-01 5.1998e+01 5.2235e-01 2.9819e-01 9.4706e-03
3.40e+02 2.3349e+00 4.7966e-02 3.3124e+00 3.2757e-02 1.2272e+01 1.2060e-01 1.5585e+01 1.5138e-01 5.2034e+01 5.0796e-01 2.9951e-01 9.1280e-03
3.45e+02 2.2759e+00 4.5958e-02 3.3461e+00 3.2948e-02 1.2314e+01 1.2017e-01 1.5660e+01 1.5130e-01 5.2068e+01 4.9878e-01 3.0077e-01 8.8105e-03
3.50e+02 2.2185e+00 4.3829e-02 3.3784e+00 3.3131e-02 1.2354e+01 1.1953e-01 1.5732e+01 1.5100e-01 5.2100e+01 4.9453e-01 3.0196e-01 8.5160e-03
3.55e+02 2.1625e+00 4.1711e-02 3.4095e+00 3.3305e-02 1.2391e+01 1.1875e-01 1.5800e+01 1.5053e-01 5.2131e+01 4.9440e-01 3.0310e-01 8.2418e-03
3.60e+02 2.1080e+00 3.9737e-02 3.4394e+00 3.3466e-02 1.2426e+01 1.1790e-01 1.5865e+01 1.4996e-01 5.2161e+01 4.9724e-01 3.0417e-01 7.9848e-03
3.65e+02 2.0551e+00 3.8025e-02 3.4681e+00 3.3615e-02 1.2459e+01 1.1704e-01 1.5927e+01 1.4934e-01 5.2192e+01 5.0164e-01 3.0517e-01 7.7416e-03
3.70e+02 2.0036e+00 3.6668e-02 3.4957e+00 3.3750e-02 1.2491e+01 1.1622e-01 1.5986e+01 1.4872e-01 5.2224e+01 5.0619e-01 3.0612e-01 7.5088e-03
3.75e+02 1.9537e+00 3.5716e-02 3.5222e+00 3.3870e-02 1.2520e+01 1.1548e-01 1.6043e+01 1.4814e-01 5.2257e+01 5.0959e-01 3.0700e-01 7.2831e-03
3.80e+02 1.9054e+00 3.5167e-02 3.5478e+00 3.3978e-02 1.2549e+01 1.1487e-01 1.6096e+01 1.4764e-01 5.2293e+01 5.1138e-01 3.0782e-01 7.0636e-03
3.85e+02 1.8585e+00 3.4961e-02 3.5724e+00 3.4073e-02 1.2576e+01 1.1437e-01 1.6148e+01 1.4724e-01 5.2328e+01 5.1264e-01 3.0860e-01 6.8542e-03
3.90e+02 1.8131e+00 3.5022e-02 3.5961e+00 3.4158e-02 1.2601e+01 1.1400e-01 1.6197e+01 1.4692e-01 5.2363e+01 5.1345e-01 3.0934e-01 6.6548e-03
3.95e+02 1.7692e+00 3.5277e-02 3.6189e+00 3.4233e-02 1.2626e+01 1.1372e-01 1.6245e+01 1.4668e-01 5.2399e+01 5.1384e-01 3.1003e-01 6.4652e-03
4.00e+02 1.7267e+00 3.5662e-02 3.6409e+00 3.4297e-02 1.2649e+01 1.1352e-01 1.6290e+01 1.4651e-01 5.2435e+01 5.1377e-01 3.1068e-01 6.2851e-03
4.05e+02 1.6857e+00 3.6121e-02 3.6621e+00 3.4356e-02 1.2672e+01 1.1341e-01 1.6334e+01 1.4640e-01 5.2472e+01 5.1338e-01 3.1129e-01 6.1143e-03
4.10e+02 1.6459e+00 3.6610e-02 3.6825e+00 3.4411e-02 1.2693e+01 1.1336e-01 1.6376e+01 1.4637e-01 5.2510e+01 5.1263e-01 3.1187e-01 5.9526e-03
4.15e+02 1.6076e+00 3.7093e-02 3.7022e+00 3.4457e-02 1.2714e+01 1.1335e-01 1.6416e+01 1.4636e-01 5.2549e+01 5.1158e-01 3.1241e-01 5.7998e-03
4.20e+02 1.5705e+00 3.7544e-02 3.7213e+00 3.4500e-02 1.2734e+01 1.1339e-01 1.6456e+01 1.4641e-01 5.2588e+01 5.1029e-01 3.1292e-01 5.6558e-03
4.25e+02 1.5347e+00 3.7943e-02 3.7396e+00 3.4543e-02 1.2754e+01 1.1347e-01 1.6493e+01 1.4649e-01 5.2629e+01 5.0886e-01 3.1339e-01 5.5204e-03
4.30e+02 1.5001e+00 3.8277e-02 3.7574e+00 3.4582e-02 1.2772e+01 1.1357e-01 1.6530e+01 1.4660e-01 5.2671e+01 5.0730e-01 3.1383e-01 5.3936e-03
4.35e+02 1.4668e+00 3.8537e-02 3.7745e+00 3.4618e-02 1.2790e+01 1.1368e-01 1.6565e+01 1.4673e-01 5.2714e+01 5.0570e-01 3.1425e-01 5.2751e-03
4.40e+02 1.4346e+00 3.8719e-02 3.7911e+00 3.4655e-02 1.2808e+01 1.1381e-01 1.6599e+01 1.4688e-01 5.2758e+01 5.0414e-01 3.1463e-01 5.1649e-03
4.45e+02 1.4037e+00 3.8820e-02 3.8071e+00 3.4689e-02 1.2825e+01 1.1394e-01 1.6632e+01 1.4704e-01 5.2804e+01 5.0266e-01 3.1499e-01 5.0628e-03
4.50e+02 1.3738e+00 3.8842e-02 3.8227e+00 3.4724e-02 1.2842e+01 1.1407e-01 1.6664e+01 1.4720e-01 5.2851e+01 5.0136e-01 3.1532e-01 4.9687e-03
4.55e+02 1.3450e+00 3.8788e-02 3.8377e+00 3.4759e-02 1.2858e+01 1.1420e-01 1.6696e+01 1.4738e-01 5.2899e+01 5.0030e-01 3.1562e-01 4.8824e-03
4.60e+02 1.3173e+00 3.8663e-02 3.8522e+00 3.4793e-02 1.2874e+01 1.1432e-01 1.6726e+01 1.4755e-01 5.2948e+01 4.9954e-01 3.1591e-01 4.8036e-03
4.65e+02 1.2907e+00 3.8474e-02 3.8663e+00 3.4829e-02 1.2890e+01 1.1444e-01 1.6756e+01 1.4772e-01 5.2998e+01 4.9913e-01 3.1617e-01 4.7322e-03
4.70e+02 1.2650e+00 3.8229e-02 3.8800e+00 3.4865e-02 1.2905e+01 1.1456e-01 1.6785e+01 1.4790e-01 5.3050e+01 4.9913e-01 3.1641e-01 4.6678e-03
4.75e+02 1.2403e+00 3.7936e-02 3.8932e+00 3.4903e-02 1.2920e+01 1.1467e-01 1.6813e+01 1.4807e-01 5.3102e+01 4.9958e-01 3.1663e-01 4.6101e-03
4.80e+02 1.2166e+00 3.7605e-02 3.9061e+00 3.4941e-02 1.2935e+01 1.1477e-01 1.6841e+01 1.4824e-01 5.3155e+01 5.0051e-01 3.1683e-01 4.5589e-03
4.85e+02 1.1938e+00 3.7245e-02 3.9186e+00 3.4980e-02 1.2950e+01 1.1487e-01 1.6868e+01 1.4841e-01 5.3210e+01 5.0192e-01 3.1702e-01 4.5136e-03
4.90e+02 1.1718e+00 3.6869e-02 3.9307e+00 3.5019e-02 1.2964e+01 1.1497e-01 1.6895e+01 1.4858e-01 5.3265e+01 5.0382e-01 3.1719e-01 4.4738e-03
4.95e+02 1.1508e+00 3.6485e-02 3.9425e+00 3.5059e-02 1.2978e+01 1.1507e-01 1.6921e+01 1.4876e-01 5.3320e+01 5.0622e-01 3.1735e-01 4.4390e-03
5.00e+02 1.1305e+00 3.6105e-02 3.9540e+00 3.5101e-02 1.2992e+01 1.1518e-01 1.6946e+01 1.4893e-01 5.3377e+01 5.0910e-01 3.1749e-01 4.4088e-03
5.05e+02 1.1111e+00 3.5740e-02 3.9651e+00 3.5142e-02 1.3006e+01 1.1529e-01 1.6972e+01 1.4912e-01 5.3433e+01 5.1240e-01 3.1763e-01 4.3826e-03
5.10e+02 1.0924e+00 3.5399e-02 3.9760e+00 3.5185e-02 1.3020e+01 1.1541e-01 1.6996e+01 1.4931e-01 5.3490e+01 5.1612e-01 3.1775e-01 4.3597e-03
5.15e+02 1.0744e+00 3.5092e-02 3.9865e+00 3.5225e-02 1.3034e+01 1.1553e-01 1.7021e+01 1.4950e-01 5.3547e+01 5.2016e-01 3.1787e-01 4.3397e-03
5.20e+02 1.0572e+00 3.4826e-02 3.9968e+00 3.5273e-02 1.3048e+01 1.1569e-01 1.7045e+01 1.4973e-01 5.3605e+01 5.2451e-01 3.1797e-01 4.3220e-03
5.25e+02 1.0406e+00 3.4609e-02 4.0069e+00 3.5317e-02 1.3061e+01 1.1585e-01 1.7068e+01 1.4995e-01 5.3662e+01 5.2900e-01 3.1808e-01 4.3058e-03
5.30e+02 1.0247e+00 3.4445e-02 4.0167e+00 3.5362e-02 1.3075e+01 1.1602e-01 1.7091e+01 1.5018e-01 5.3718e+01 5.3363e-01 3.1817e-01 4.2906e-03
5.35e+02 1.0094e+00 3.4339e-02 4.0262e+00 3.5407e-02 1.3088e+01 1.1622e-01 1.7114e+01 1.5044e-01 5.3774e+01 5.3832e-01 3.1827e-01 4.2759e-03
5.40e+02 9.9466e-01 3.4292e-02 4.0355e+00 3.5453e-02 1.3101e+01 1.1644e-01 1.7137e+01 1.5071e-01 5.3830e+01 5.4296e-01 3.1836e-01 4.2609e-03
5.45e+02 9.8049e-01 3.4304e-02 4.0446e+00 3.5501e-02 1.3114e+01 1.1669e-01 1.7159e+01 1.5101e-01 5.3884e+01 5.4748e-01 3.1845e-01 4.2451e-03
5.50e+02 9.6685e-01 3.4373e-02 4.0535e+00 3.5547e-02 1.3127e+01 1.1695e-01 1.7181e+01 1.5132e-01 5.3938e+01 5.5175e-01 3.1854e-01 4.2280e-03
5.55e+02 9.5371e-01 3.4493e-02 4.0622e+00 3.5596e-02 1.3140e+01 1.1724e-01 1.7203e+01 1.5166e-01 5.3990e+01 5.5571e-01 3.1864e-01 4.2089e-03
5.60e+02 9.4103e-01 3.4660e-02 4.0707e+00 3.5644e-02 1.3153e+01 1.1755e-01 1.7224e+01 1.5201e-01 5.4041e+01 5.5924e-01 3.1873e-01 4.1874e-03
5.65e+02 9.2878e-01 3.4865e-02 4.0790e+00 3.5697e-02 1.3166e+01 1.1788e-01 1.7245e+01 1.5238e-01 5.4090e+01 5.6233e-01 3.1883e-01 4.1630e-03
5.70e+02 9.1694e-01 3.5100e-02 4.0872e+00 3.5745e-02 1.3178e+01 1.1823e-01 1.7266e+01 1.5277e-01 5.4137e+01 5.6483e-01 3.1893e-01 4.1353e-03
5.75e+02 9.0548e-01 3.5355e-02 4.0951e+00 3.5796e-02 1.3191e+01 1.1859e-01 1.7286e+01 1.5317e-01 5.4182e+01 5.6668e-01 3.1905e-01 4.1037e-03
5.80e+02 8.9436e-01 3.5619e-02 4.1029e+00 3.5848e-02 1.3203e+01 1.1896e-01 1.7306e+01 1.5358e-01 5.4224e+01 5.6783e-01 3.1916e-01 4.0680e-03
5.85e+02 8.8355e-01 3.5881e-02 4.1105e+00 3.5902e-02 1.3215e+01 1.1934e-01 1.7326e+01 1.5400e-01 5.4265e+01 5.6822e-01 3.1929e-01 4.0279e-03
5.90e+02 8.7303e-01 3.6129e-02 4.1180e+00 3.5956e-02 1.3227e+01 1.1972e-01 1.7345e+01 1.5442e-01 5.4302e+01 5.6783e-01 3.1943e-01 3.9831e-03
5.95e+02 8.6277e-01 3.6352e-02 4.1253e+00 3.6012e-02 1.3239e+01 1.2010e-01 1.7364e+01 1.5485e-01 5.4336e+01 5.6664e-01 3.1958e-01 3.9334e-03
6.00e+02 8.5273e-01 3.6538e-02 4.1325e+00 3.6068e-02 1.3250e+01 1.2047e-01 1.7383e+01 1.5527e-01 5.4367e+01 5.6463e-01 3.1974e-01 3.8789e-03
6.05e+02 8.4288e-01 3.6677e-02 4.1396e+00 3.6125e-02 1.3262e+01 1.2083e-01 1.7401e+01 1.5568e-01 5.4394e+01 5.6183e-01 3.1991e-01 3.8195e-03
6.10e+02 8.3320e-01 3.6757e-02 4.1465e+00 3.6183e-02 1.3273e+01 1.2116e-01 1.7419e+01 1.5608e-01 5.4418e+01 5.5830e-01 3.2010e-01 3.7554e-03
6.15e+02 8.2366e-01 3.6771e-02 4.1532e+00 3.6220e-02 1.3283e+01 1.2139e-01 1.7436e+01 1.5635e-01 5.4438e+01 5.5398e-01 3.2031e-01 3.6892e-03
6.20e+02 8.1425e-01 3.6714e-02 4.1598e+00 3.6302e-02 1.3294e+01 1.2177e-01 1.7454e+01 1.5682e-01 5.4458e+01 5.5061e-01 3.2050e-01 3.6263e-03
6.25e+02 8.0495e-01 3.6590e-02 4.1664e+00 3.6362e-02 1.3304e+01 1.2202e-01 1.7470e+01 1.5715e-01 5.4477e+01 5.4714e-01 3.2070e-01 3.5669e-03
6.30e+02 7.9578e-01 3.6402e-02 4.1727e+00 3.6422e-02 1.3314e+01 1.2225e-01 1.7487e+01 1.5745e-01 5.4495e+01 5.4402e-01 3.2089e-01 3.5113e-03
6.35e+02 7.8673e-01 3.6153e-02 4.1790e+00 3.6484e-02 1.3324e+01 1.2245e-01 1.7503e+01 1.5773e-01 5.4513e+01 5.4132e-01 3.2108e-01 3.4598e-03
6.40e+02 7.7780e-01 3.5850e-02 4.1851e+00 3.6546e-02 1.3333e+01 1.2262e-01 1.7518e+01 1.5799e-01 5.4530e+01 5.3910e-01 3.2126e-01 3.4124e-03
6.45e+02 7.6899e-01 3.5499e-02 4.1911e+00 3.6607e-02 1.3342e+01 1.2276e-01 1.7534e+01 1.5822e-01 5.4547e+01 5.3740e-01 3.2145e-01 3.3692e-03
6.50e+02 7.6028e-01 3.5107e-02 4.1970e+00 3.6669e-02 1.3351e+01 1.2287e-01 1.7548e+01 1.5842e-01 5.4562e+01 5.3631e-01 3.2163e-01 3.3303e-03
6.55e+02 7.5169e-01 3.4684e-02 4.2028e+00 3.6729e-02 1.3360e+01 1.2296e-01 1.7563e+01 1.5860e-01 5.4578e+01 5.3583e-01 3.2180e-01 3.2958e-03
6.60e+02 7.4321e-01 3.4238e-02 4.2085e+00 3.6792e-02 1.3369e+01 1.2302e-01 1.7577e+01 1.5876e-01 5.4592e+01 5.3603e-01 3.2198e-01 3.2657e-03
6.65e+02 7.3483e-01 3.3779e-02 4.2141e+00 3.6852e-02 1.3377e+01 1.2306e-01 1.7591e+01 1.5889e-01 5.4606e+01 5.3690e-01 3.2215e-01 3.2398e-03
6.70e+02 7.2656e-01 3.3318e-02 4.2196e+00 3.6914e-02 1.3385e+01 1.2309e-01 1.7605e+01 1.5900e-01 5.4619e+01 5.3853e-01 3.2232e-01 3.2182e-03
6.75e+02 7.1840e-01 3.2866e-02 4.2249e+00 3.6973e-02 1.3393e+01 1.2310e-01 1.7618e+01 1.5910e-01 5.4632e+01 5.4085e-01 3.2249e-01 3.2006e-03
6.80e+02 7.1033e-01 3.2436e-02 4.2302e+00 3.7030e-02 1.3401e+01 1.2309e-01 1.7631e+01 1.5917e-01 5.4644e+01 5.4385e-01 3.2266e-01 3.1869e-03
6.85e+02 7.0236e-01 3.2038e-02 4.2354e+00 3.7088e-02 1.3409e+01 1.2308e-01 1.7644e+01 1.5924e-01 5.4656e+01 5.4757e-01 3.2282e-01 3.1768e-03
6.90e+02 6.9449e-01 3.1685e-02 4.2405e+00 3.7145e-02 1.3416e+01 1.2306e-01 1.7656e+01 1.5930e-01 5.4667e+01 5.5197e-01 3.2299e-01 3.1701e-03
6.95e+02 6.8671e-01 3.1390e-02 4.2455e+00 3.7201e-02 1.3423e+01 1.2305e-01 1.7669e+01 1.5935e-01 5.4678e+01 5.5700e-01 3.2315e-01 3.1664e-03
7.00e+02 6.7902e-01 3.1163e-02 4.2503e+00 3.7255e-02 1.3430e+01 1.2303e-01 1.7680e+01 1.5941e-01 5.4688e+01 5.6262e-01 3.2331e-01 3.1654e-03
7.05e+02 6.7143e-01 3.1015e-02 4.2552e+00 3.7307e-02 1.3437e+01 1.2302e-01 1.7692e+01 1.5945e-01 5.4697e+01 5.6877e-01 3.2347e-01 3.1668e-03
7.10e+02 6.6392e-01 3.0954e-02 4.2599e+00 3.7357e-02 1.3444e+01 1.2302e-01 1.7703e+01 1.5950e-01 5.4706e+01 5.7540e-01 3.2362e-01 3.1701e-03
7.15e+02 6.5649e-01 3.0990e-02 4.2645e+00 3.7425e-02 1.3450e+01 1.2309e-01 1.7714e+01 1.5963e-01 5.4713e+01 5.8247e-01 3.2378e-01 3.1750e-03
7.20e+02 6.4915e-01 3.1126e-02 4.2691e+00 3.7456e-02 1.3456e+01 1.2306e-01 1.7725e+01 1.5963e-01 5.4722e+01 5.8986e-01 3.2393e-01 3.1810e-03
7.25e+02 6.4189e-01 3.1366e-02 4.2735e+00 3.7513e-02 1.3462e+01 1.2312e-01 1.7736e+01 1.5973e-01 5.4728e+01 5.9724e-01 3.2408e-01 3.1877e-03
7.30e+02 6.3471e-01 3.1711e-02 4.2779e+00 3.7550e-02 1.3468e+01 1.2318e-01 1.7746e+01 1.5980e-01 5.4735e+01 6.0544e-01 3.2424e-01 3.1946e-03
7.35e+02 6.2761e-01 3.2160e-02 4.2822e+00 3.7595e-02 1.3474e+01 1.2328e-01 1.7756e+01 1.5992e-01 5.4741e+01 6.1345e-01 3.2439e-01 3.2013e-03
7.40e+02 6.2058e-01 3.2710e-02 4.2865e+00 3.7637e-02 1.3480e+01 1.2340e-01 1.7766e+01 1.6004e-01 5.4746e+01 6.2149e-01 3.2454e-01 3.2075e-03
7.45e+02 6.1362e-01 3.3354e-02 4.2906e+00 3.7683e-02 1.3485e+01 1.2358e-01 1.7776e+01 1.6022e-01 5.4751e+01 6.2955e-01 3.2469e-01 3.2126e-03
7.50e+02 6.0673e-01 3.4085e-02 4.2947e+00 3.7719e-02 1.3491e+01 1.2374e-01 1.7785e+01 1.6037e-01 5.4755e+01 6.3739e-01 3.2483e-01 3.2163e-03
7.55e+02 5.9991e-01 3.4896e-02 4.2987e+00 3.7767e-02 1.3496e+01 1.2399e-01 1.7795e+01 1.6062e-01 5.4759e+01 6.4519e-01 3.2498e-01 3.2181e-03
7.60e+02 5.9316e-01 3.5776e-02 4.3026e+00 3.7797e-02 1.3501e+01 1.2421e-01 1.7804e+01 1.6081e-01 5.4762e+01 6.5249e-01 3.2513e-01 3.2177e-03
7.65e+02 5.8647e-01 3.6716e-02 4.3065e+00 3.7835e-02 1.3506e+01 1.2450e-01 1.7812e+01 1.6107e-01 5.4765e+01 6.5959e-01 3.2527e-01 3.2146e-03
7.70e+02 5.7984e-01 3.7706e-02 4.3103e+00 3.7869e-02 1.3511e+01 1.2481e-01 1.7821e+01 1.6135e-01 5.4766e+01 6.6619e-01 3.2542e-01 3.2086e-03
7.75e+02 5.7327e-01 3.8733e-02 4.3140e+00 3.7906e-02 1.3515e+01 1.2516e-01 1.7829e+01 1.6166e-01 5.4768e+01 6.7233e-01 3.2557e-01 3.1992e-03
7.80e+02 5.6676e-01 3.9789e-02 4.3177e+00 3.7939e-02 1.3520e+01 1.2554e-01 1.7838e+01 1.6200e-01 5.4768e+01 6.7789e-01 3.2571e-01 3.1862e-03
7.85e+02 5.6031e-01 4.0862e-02 4.3213e+00 3.7970e-02 1.3524e+01 1.2593e-01 1.7845e+01 1.6234e-01 5.4768e+01 6.8271e-01 3.2586e-01 3.1692e-03
7.90e+02 5.5390e-01 4.1942e-02 4.3248e+00 3.8007e-02 1.3528e+01 1.2638e-01 1.7853e+01 1.6275e-01 5.4768e+01 6.8703e-01 3.2600e-01 3.1478e-03
7.95e+02 5.4755e-01 4.3020e-02 4.3283e+00 3.8041e-02 1.3532e+01 1.2684e-01 1.7861e+01 1.6316e-01 5.4766e+01 6.9048e-01 3.2615e-01 3.1220e-03
8.00e+02 5.4124e-01 4.4085e-02 4.3317e+00 3.8080e-02 1.3536e+01 1.2732e-01 1.7868e+01 1.6361e-01 5.4764e+01 6.9304e-01 3.2629e-01 3.0914e-03
8.05e+02 5.3499e-01 4.5129e-02 4.3351e+00 3.8107e-02 1.3540e+01 1.2781e-01 1.7875e+01 1.6405e-01 5.4762e+01 6.9487e-01 3.2644e-01 3.0558e-03
8.10e+02 5.2877e-01 4.6142e-02 4.3384e+00 3.8141e-02 1.3544e+01 1.2832e-01 1.7882e+01 1.6451e-01 5.4759e+01 6.9570e-01 3.2659e-01 3.0150e-03
8.15e+02 5.2260e-01 4.7117e-02 4.3416e+00 3.8174e-02 1.3547e+01 1.2884e-01 1.7889e+01 1.6499e-01 5.4755e+01 6.9557e-01 3.2673e-01 2.9690e-03
8.20e+02 5.1647e-01 4.8044e-02 4.3448e+00 3.8208e-02 1.3551e+01 1.2936e-01 1.7896e+01 1.6548e-01 5.4750e+01 6.9442e-01 3.2688e-01 2.9176e-03
8.25e+02 5.1038e-01 4.8917e-02 4.3479e+00 3.8244e-02 1.3554e+01 1.2989e-01 1.7902e+01 1.6598e-01 5.4745e+01 6.9227e-01 3.2703e-01 2.8609e-03
8.30e+02 5.0432e-01 4.9728e-02 4.3510e+00 3.8278e-02 1.3557e+01 1.3041e-01 1.7908e+01 1.6647e-01 5.4739e+01 6.8905e-01 3.2718e-01 2.7988e-03
8.35e+02 4.9829e-01 5.0470e-02 4.3540e+00 3.8314e-02 1.3560e+01 1.3091e-01 1.7914e+01 1.6696e-01 5.4732e+01 6.8478e-01 3.2732e-01 2.7316e-03
8.40e+02 4.9230e-01 5.1136e-02 4.3569e+00 3.8351e-02 1.3563e+01 1.3141e-01 1.7920e+01 1.6744e-01 5.4725e+01 6.7945e-01 3.2748e-01 2.6595e-03
8.45e+02 4.8633e-01 5.1719e-02 4.3598e+00 3.8387e-02 1.3566e+01 1.3188e-01 1.7926e+01 1.6790e-01 5.4717e+01 6.7309e-01 3.2763e-01 2.5830e-03
8.50e+02 4.8040e-01 5.2213e-02 4.3627e+00 3.8425e-02 1.3568e+01 1.3232e-01 1.7931e+01 1.6835e-01 5.4708e+01 6.6570e-01 3.2778e-01 2.5026e-03
8.55e+02 4.7448e-01 5.2614e-02 4.3655e+00 3.8468e-02 1.3571e+01 1.3276e-01 1.7937e+01 1.6881e-01 5.4698e+01 6.5765e-01 3.2793e-01 2.4191e-03
8.60e+02 4.6859e-01 5.2914e-02 4.3682e+00 3.8502e-02 1.3573e+01 1.3309e-01 1.7942e+01 1.6916e-01 5.4688e+01 6.4818e-01 3.2809e-01 2.3338e-03
8.65e+02 4.6272e-01 5.3110e-02 4.3709e+00 3.8542e-02 1.3576e+01 1.3342e-01 1.7946e+01 1.6952e-01 5.4676e+01 6.3823e-01 3.2824e-01 2.2481e-03
8.70e+02 4.5687e-01 5.3196e-02 4.3736e+00 3.8586e-02 1.3578e+01 1.3373e-01 1.7951e+01 1.6988e-01 5.4664e+01 6.2794e-01 3.2840e-01 2.1640e-03
8.75e+02 4.5103e-01 5.3169e-02 4.3762e+00 3.8635e-02 1.3580e+01 1.3394e-01 1.7956e+01 1.7014e-01 5.4652e+01 6.1675e-01 3.2856e-01 2.0842e-03
8.80e+02 4.4521e-01 5.3025e-02 4.3788e+00 3.8776e-02 1.3582e+01 1.3455e-01 1.7961e+01 1.7093e-01 5.4639e+01 6.0702e-01 3.2872e-01 2.0119e-03
8.85e+02 4.3940e-01 5.2761e-02 4.3813e+00 3.8708e-02 1.3583e+01 1.3418e-01 1.7964e+01 1.7050e-01 5.4623e+01 5.9444e-01 3.2889e-01 1.9511e-03
8.90e+02 4.3360e-01 5.2376e-02 4.3838e+00 3.8796e-02 1.3585e+01 1.3431e-01 1.7969e+01 1.7076e-01 5.4609e+01 5.8368e-01 3.2905e-01 1.9066e-03
8.95e+02 4.2781e-01 5.1867e-02 4.3861e+00 3.8793e-02 1.3586e+01 1.3418e-01 1.7972e+01 1.7067e-01 5.4592e+01 5.7423e-01 3.2922e-01 1.8835e-03
9.00e+02 4.2202e-01 5.1235e-02 4.3885e+00 3.8836e-02 1.3587e+01 1.3407e-01 1.7976e+01 1.7066e-01 5.4575e+01 5.6607e-01 3.2939e-01 1.8870e-03
9.05e+02 4.1623e-01 5.0481e-02 4.3908e+00 3.8877e-02 1.3589e+01 1.3388e-01 1.7979e+01 1.7057e-01 5.4556e+01 5.5994e-01 3.2956e-01 1.9217e-03
9.10e+02 4.1045e-01 4.9609e-02 4.3931e+00 3.8918e-02 1.3590e+01 1.3361e-01 1.7983e+01 1.7042e-01 5.4537e+01 5.5655e-01 3.2974e-01 1.9908e-03
9.15e+02 4.0467e-01 4.8623e-02 4.3953e+00 3.8960e-02 1.3591e+01 1.3328e-01 1.7986e+01 1.7020e-01 5.4518e+01 5.5661e-01 3.2992e-01 2.0963e-03
9.20e+02 3.9888e-01 4.7532e-02 4.3975e+00 3.9002e-02 1.3591e+01 1.3287e-01 1.7989e+01 1.6992e-01 5.4497e+01 5.6085e-01 3.3010e-01 2.2380e-03
9.25e+02 3.9308e-01 4.6347e-02 4.3997e+00 3.9039e-02 1.3592e+01 1.3239e-01 1.7992e+01 1.6955e-01 5.4475e+01 5.7000e-01 3.3029e-01 2.4149e-03
9.30e+02 3.8728e-01 4.5083e-02 4.4018e+00 3.9077e-02 1.3593e+01 1.3184e-01 1.7994e+01 1.6913e-01 5.4452e+01 5.8466e-01 3.3048e-01 2.6251e-03
9.35e+02 3.8147e-01 4.3762e-02 4.4038e+00 3.9113e-02 1.3593e+01 1.3123e-01 1.7997e+01 1.6865e-01 5.4428e+01 6.0531e-01 3.3067e-01 2.8664e-03
9.40e+02 3.7564e-01 4.2413e-02 4.4058e+00 3.9147e-02 1.3593e+01 1.3056e-01 1.7999e+01 1.6810e-01 5.4403e+01 6.3230e-01 3.3087e-01 3.1367e-03
9.45e+02 3.6981e-01 4.1073e-02 4.4078e+00 3.9178e-02 1.3593e+01 1.2985e-01 1.8001e+01 1.6751e-01 5.4378e+01 6.6584e-01 3.3107e-01 3.4341e-03
9.50e+02 3.6395e-01 3.9788e-02 4.4098e+00 3.9208e-02 1.3593e+01 1.2911e-01 1.8003e+01 1.6688e-01 5.4351e+01 7.0592e-01 3.3127e-01 3.7570e-03
9.55e+02 3.5808e-01 3.8620e-02 4.4116e+00 3.9237e-02 1.3593e+01 1.2837e-01 1.8005e+01 1.6623e-01 5.4323e+01 7.5257e-01 3.3148e-01 4.1043e-03
9.60e+02 3.5218e-01 3.7642e-02 4.4135e+00 3.9258e-02 1.3593e+01 1.2762e-01 1.8006e+01 1.6555e-01 5.4294e+01 8.0551e-01 3.3170e-01 4.4750e-03
9.65e+02 3.4627e-01 3.6940e-02 4.4153e+00 3.9279e-02 1.3592e+01 1.2690e-01 1.8008e+01 1.6488e-01 5.4263e+01 8.6470e-01 3.3192e-01 4.8684e-03
9.70e+02 3.4032e-01 3.6608e-02 4.4171e+00 3.9296e-02 1.3592e+01 1.2623e-01 1.8009e+01 1.6424e-01 5.4232e+01 9.2989e-01 3.3214e-01 5.2840e-03
9.75e+02 3.3435e-01 3.6744e-02 4.4188e+00 3.9309e-02 1.3591e+01 1.2565e-01 1.8010e+01 1.6365e-01 5.4200e+01 1.0009e+00 3.3238e-01 5.7216e-03
9.80e+02 3.2836e-01 3.7437e-02 4.4205e+00 3.9317e-02 1.3590e+01 1.2519e-01 1.8010e+01 1.6313e-01 5.4166e+01 1.0776e+00 3.3261e-01 6.1809e-03
9.85e+02 3.2233e-01 3.8755e-02 4.4222e+00 3.9324e-02 1.3589e+01 1.2489e-01 1.8011e+01 1.6273e-01 5.4131e+01 1.1598e+00 3.3286e-01 6.6619e-03
9.90e+02 3.1626e-01 4.0741e-02 4.4238e+00 3.9326e-02 1.3588e+01 1.2479e-01 1.8011e+01 1.6247e-01 5.4095e+01 1.2473e+00 3.3311e-01 7.1647e-03
9.95e+02 3.1016e-01 4.3407e-02 4.4254e+00 3.9324e-02 1.3586e+01 1.2494e-01 1.8012e+01 1.6239e-01 5.4058e+01 1.3401e+00 3.3337e-01 7.6895e-03
1.00e+03 3.0402e-01 4.6741e-02 4.4269e+00 3.9318e-02 1.3585e+01 1.2539e-01 1.8012e+01 1.6253e-01 5.4021e+01 1.4299e+00 3.3362e-01 8.1813e-03
